% # columns="iteration, evaluation, sigma, max axis length,  min axis length, all principal axes lengths  (sorted square roots of eigenvalues of C)", seed=165375, Fri Dec 13 11:53:12 2024
1 11 0.23879852439684796 1.0000458343836967 1.0 1.0 1.0000041666753472 1.0000083333680556 1.0000125000781253 1.0000166668055563 1.0000208335503487 1.0000250003125026 1.000029167092018 1.0000333338888951 1.0000375007031337 1.0000416675347343 1.0000458343836967
2 22 0.26169921504412247 1.0823536470347812 0.9342315105235194 0.9342315105235194 0.9435720830391182 0.9769495418865638 0.9826917737251057 0.9941453877414314 1.0000111488914236 1.0000338680643082 1.0006055023305143 1.0024318474988603 1.0085963954708181 1.0140844510901559 1.0823536470347812
3 33 0.28793810591045194 1.1345639345667202 0.9032205438761934 0.9032205438761934 0.9294354151213353 0.9556126837585897 0.9727018608220539 0.9866368229874801 0.9942522609705279 0.9961793817937799 0.9995236240981215 1.0111372924878173 1.022133488566849 1.0436707448480516 1.1345639345667202
4 44 0.338294630913672 1.1811238151556576 0.8923866390286423 0.8923866390286423 0.9136244975001151 0.9299234110532122 0.9600452520429197 0.9786581785427099 0.9802337242341427 0.987881219736546 0.9973642235177991 1.0046739905299644 1.0492629750527758 1.0535057391204967 1.1811238151556576
5 55 0.38301883766469386 1.2408292684684452 0.8750148581378189 0.8750148581378189 0.9040636225982205 0.9094402578396242 0.9328666709066559 0.9722603389235154 0.9853854709264336 0.9953056695500144 1.0003831393003215 1.0045606888365048 1.0586567508367222 1.0748028852048093 1.2408292684684452
6 66 0.404874146826447 1.244479052883385 0.8677494690359495 0.8677494690359495 0.8895289356848167 0.9061641049892977 0.9114855037655774 0.9680943320074653 0.9745254562357218 0.9878252320142167 1.001703756708509 1.0219233801184515 1.0667093633983338 1.0739791108609449 1.244479052883385
7 77 0.40941800501591946 1.193821910268118 0.8513850352302094 0.8513850352302094 0.8833377112647852 0.8887068892158666 0.9238178457017132 0.9535462866996636 0.9724371723098503 0.9892019556697383 0.9971481986132742 1.01275612634306 1.065377922265911 1.0852315514462554 1.193821910268118
8 88 0.3888930338467284 1.1394624890841605 0.8521932990092158 0.8521932990092158 0.8766908786296196 0.8978064921848367 0.9237811345862603 0.9258335279266315 0.9624549598340237 0.9873969450829965 0.9933148597617868 1.0440430888667327 1.0596063197281935 1.1059906302209879 1.1394624890841605
9 99 0.36713320074813505 1.1651321420714222 0.8395808367375875 0.8395808367375875 0.8493796298423502 0.878712467361269 0.9195976078644515 0.923854633633994 0.9518123854671963 0.9792271860471282 1.0196154447801893 1.0238142661669773 1.0622183406299144 1.1138383440384956 1.1651321420714222
10 110 0.34544607615081335 1.1583275685016086 0.8111317266621666 0.8111317266621666 0.8503836243451374 0.870762477447384 0.9130207229830479 0.9245279071212683 0.9486086388185906 0.9645151914222 1.022254496460829 1.0326246474465175 1.0535474023180984 1.113207901570786 1.1583275685016086
11 121 0.36884182338073007 1.1694355471318454 0.7680364123636972 0.7680364123636972 0.8422337062175295 0.858915118889795 0.9033044099811512 0.9161730895012556 0.9437138360908014 0.9601248772656534 1.0159723373316634 1.0438190343181006 1.0723021441556233 1.1209542947630329 1.1694355471318454
12 132 0.36183600419517614 1.2012075252705594 0.7569015265884355 0.7569015265884355 0.8432069354164787 0.8683559116250228 0.9077760386737581 0.924339085469078 0.9331709533274944 0.9618677879213207 1.009200192245706 1.039147097514807 1.0961876533461459 1.1101583647949467 1.2012075252705594
13 143 0.3529498048750064 1.250133625929038 0.7531138750774352 0.7531138750774352 0.8240775741701729 0.867024550482725 0.8978868465685935 0.907392216598418 0.9378453405476733 0.9712117477353123 1.0075046266976206 1.0280065497818873 1.0903021145696314 1.1026495821766402 1.250133625929038
14 154 0.3276647357907034 1.262511425348042 0.7367997538173878 0.7367997538173878 0.8108969011876185 0.8504622321965828 0.8918229979773227 0.9159396562851233 0.9269935973945475 0.9638996555285356 0.9933151414169825 1.0716606854383803 1.0823496345491113 1.1008573147487948 1.262511425348042
15 165 0.3279313901402564 1.248542248155579 0.7104827176492583 0.7104827176492583 0.8103061871546426 0.8470911438780883 0.8742839154073823 0.9135218333019721 0.9222211057760891 0.9603690849598322 0.9914389530415653 1.0666779332042646 1.0758737461877617 1.0943845813160207 1.248542248155579
16 176 0.29601637465839375 1.2749149335674619 0.7070122636721594 0.7070122636721594 0.810661058908841 0.8432280792644835 0.8687191322648363 0.8868967717707479 0.9223526002894522 0.9421348418667688 0.9779182568487536 1.0582977093310437 1.0676853958570787 1.0979921197738696 1.2749149335674619
17 187 0.2707121852947789 1.25814054678742 0.6998777890144069 0.6998777890144069 0.796912182974648 0.8443731968595426 0.8603242075559048 0.8841028087026926 0.9160854525206232 0.9352015809385148 0.975430086076753 1.0151494945738975 1.067194469237184 1.0911840352807618 1.25814054678742
18 198 0.2534801973584538 1.2262454169837795 0.6935846410012212 0.6935846410012212 0.8026832472728912 0.8293956924234047 0.8440033042074332 0.8696455923676848 0.9050313693731902 0.9406864711330635 0.9706443556885621 1.0230165016838144 1.0620048792307595 1.099526789771264 1.2262454169837795
19 209 0.22636637467002607 1.2414782973831653 0.6771426601385934 0.6771426601385934 0.7926547763728522 0.8142868292388777 0.8345596231392239 0.8646008340947793 0.8993284690702054 0.9382360724992873 0.9961469833801784 1.0133911806248015 1.055357751654156 1.1123969296312421 1.2414782973831653
20 220 0.21830257885546336 1.2572166104459352 0.6676739314494577 0.6676739314494577 0.7811173949347469 0.8075674882254102 0.8151515851183458 0.8622929245561936 0.8857787941061827 0.9086828586897696 0.9987873207026067 1.0126778972920667 1.065831779337099 1.1138432366750755 1.2572166104459352
21 231 0.2053468242838163 1.2834826060981785 0.6437365452277005 0.6437365452277005 0.7640592307989716 0.8060007338606144 0.821505414222489 0.8498977686349761 0.8794609366779287 0.8902261916319982 0.9946880865517519 1.0240142651300277 1.06255629301986 1.1098749055201556 1.2834826060981785
22 242 0.18480932253704765 1.2921613852409202 0.6336117113647532 0.6336117113647532 0.7619981150620458 0.8025758993917685 0.8272378540576643 0.8320986530948784 0.8761309748215106 0.8998041088950534 0.9835223250460703 0.9919089732634037 1.0574158938794267 1.0952420863229195 1.2921613852409202
23 253 0.18199694786793955 1.3026481402102228 0.6070233634095078 0.6070233634095078 0.763104976700277 0.7776051288970282 0.8259031081587287 0.8324847851095988 0.8781655459296502 0.9024096364014 0.9728378083361301 0.9964496063858138 1.046754390924006 1.0850400953511317 1.3026481402102228
24 264 0.18990664277313396 1.2952830614297672 0.591677094434686 0.591677094434686 0.7584265334543983 0.776513154564735 0.8204348663015434 0.8318579223806668 0.8502147015408295 0.9031738547662934 0.9910564656809333 1.007982847820221 1.0532361425650287 1.086873755193876 1.2952830614297672
25 275 0.19778654273837745 1.2745986621455652 0.5659562239451238 0.5659562239451238 0.7537587510018342 0.782469301112897 0.8174763675325304 0.8446694168774136 0.8483976970288151 0.9148953131303688 0.9844118829480092 1.0141680986009187 1.0688715440932486 1.1469604716165338 1.2745986621455652
26 286 0.21123243264215752 1.2805725515516015 0.5539090148560801 0.5539090148560801 0.7495553409810993 0.7761529372573223 0.798687148618808 0.8307857985857041 0.8398451366879689 0.9204303416647421 0.9892131913384319 1.000114358128886 1.0582865073811782 1.1897478053770651 1.2805725515516015
27 297 0.22589961431852384 1.3036859186352179 0.5375138515359765 0.5375138515359765 0.723493259711191 0.7719467679950519 0.7948714110009464 0.8200814708989714 0.8383804860415176 0.9184722968717327 0.9856184107001865 1.0124578607220538 1.0381635921695775 1.2642340595685784 1.3036859186352179
28 308 0.22047254599682012 1.338359928776351 0.5246915112281246 0.5246915112281246 0.7226502181613977 0.7649396495111304 0.8008681392208238 0.83790395935401 0.8461934221040244 0.9142879690691108 0.9448551484924863 1.014229151327143 1.051139573282135 1.2675219536316293 1.338359928776351
29 319 0.2126331039830696 1.3433964975482786 0.5016095045228305 0.5016095045228305 0.7143553198942505 0.7674836231604905 0.8005720531499508 0.8372858977157588 0.8484751701853863 0.8961385152043124 0.9401880418591021 1.018687263434179 1.0517358642273924 1.2687990498105914 1.3433964975482786
30 330 0.21121621112100686 1.370604223379167 0.4793789096010659 0.4793789096010659 0.6984090609432446 0.7719926431681357 0.7954515528154245 0.8272216220745957 0.8543258143673623 0.8927195325520285 0.9256142679742119 1.0416449287190197 1.0523621586325156 1.2765356768031488 1.370604223379167
31 341 0.1999130698002339 1.4011669366761932 0.4698932051567414 0.4698932051567414 0.6906182174473408 0.7719442666368787 0.7890665016088049 0.8222512623868057 0.8475598072053981 0.8864626019810898 0.9216668612448481 1.0321799243461585 1.0529952241581253 1.2713451354968899 1.4011669366761932
32 352 0.1923502864320939 1.4266863028249204 0.46951783691361065 0.46951783691361065 0.6795224324208441 0.7726155860495346 0.7950347386009906 0.8145462101556471 0.8434301909208488 0.8721052860925563 0.9087706273225401 1.0265224538856978 1.0547390441263358 1.2140040535440366 1.4266863028249204
33 363 0.18965037502883136 1.4200076415030602 0.4572146217879459 0.4572146217879459 0.6756292068568467 0.7575790590368112 0.7817220284906701 0.820326232758747 0.8523882755055483 0.8705142094996785 0.9250563022645281 1.0228332336319053 1.0584094427929125 1.2064265588948355 1.4200076415030602
34 374 0.19610430250190514 1.4378134246506291 0.4457093051027632 0.4457093051027632 0.659816183655403 0.7377954429708702 0.7944610751601916 0.8353766260072854 0.853863398303195 0.8677319416093955 0.9291323843616732 1.0239937053803563 1.0913577336502949 1.1923053714078653 1.4378134246506291
35 385 0.20731163910920664 1.4218723276032252 0.4427604932146418 0.4427604932146418 0.666548022651675 0.7420387107488219 0.8048050069468525 0.8242562469163119 0.8670529143969544 0.8994005326992178 0.9435649056326456 1.0107056207956668 1.0804487223195276 1.1838241474868183 1.4218723276032252
36 396 0.2058938946653672 1.4220907135698724 0.44140489864864124 0.44140489864864124 0.6633899418348919 0.7270225500920564 0.7928904157680069 0.8182261614071811 0.8670018918650378 0.8997571860009846 0.9572652415196679 1.045338770382727 1.094018538323123 1.1769137023786296 1.4220907135698724
37 407 0.20183061294174817 1.4109955171936621 0.43570490858732364 0.43570490858732364 0.6799644848113859 0.713758521869878 0.7835212678455 0.8272545375404531 0.8778184672319684 0.8866043963811948 0.9497904007270315 1.052499901973359 1.084312540962133 1.1805576979459513 1.4109955171936621
38 418 0.18983987199792715 1.4203069063911473 0.4295215408231673 0.4295215408231673 0.67715748714956 0.7119752977053295 0.7667744448469168 0.8162143442043199 0.8684034167729805 0.8889628111925272 0.9488140879396866 1.040912092992734 1.1103095366746574 1.151445537311413 1.4203069063911473
39 429 0.17822083179742765 1.4118608220962052 0.4259955168086708 0.4259955168086708 0.6868158756300429 0.715237459224934 0.762846240735349 0.7923172647483875 0.8548213476455425 0.8896621504031187 0.9575910590686553 1.0211607009107015 1.0864033103380086 1.16094908015904 1.4118608220962052
40 440 0.17820004769783743 1.441834191767295 0.4116089677903524 0.4116089677903524 0.6657126567700863 0.7113014252260154 0.7662633645864428 0.7975342264787718 0.8467260309384944 0.8893112509468947 0.9626795157706498 1.002951276126074 1.090727515778191 1.1450995409527704 1.441834191767295
41 451 0.18017715642433452 1.4463335917522822 0.3982206417706799 0.3982206417706799 0.6660328616038776 0.7112869723216073 0.7588431258469168 0.8030430213895334 0.8515143320321527 0.9108770045245391 0.9662347296087319 0.9915517134422248 1.0739020785573068 1.146236981912779 1.4463335917522822
42 462 0.18502521403670324 1.4438354791695283 0.3891141764724155 0.3891141764724155 0.6609658001976134 0.6935303532496048 0.757630663954094 0.7963539139894426 0.8438080601170446 0.9065872065069793 0.95923197210606 1.009517236889968 1.077005744210617 1.1499877624899686 1.4438354791695283
43 473 0.19245974662111415 1.442714407410576 0.37763440857968283 0.37763440857968283 0.6466648119813903 0.6958237421062204 0.782130075393811 0.8077043652602779 0.8402861112764399 0.9104282968308366 0.9471974823224774 1.0172151950301496 1.0841902591224633 1.144335393117621 1.442714407410576
44 484 0.1897748110234311 1.4281919588581629 0.36537539501624033 0.36537539501624033 0.6408391041377482 0.6890382462875417 0.7761817457272925 0.8202771145380209 0.8424046770248952 0.9143550921127285 0.9478318858668908 0.9947317642679289 1.0892688449144599 1.1680881811005257 1.4281919588581629
45 495 0.19080192512610847 1.436457507390703 0.35617910604762 0.35617910604762 0.6362228158791556 0.6889036989635561 0.7609711081561019 0.8040534606089343 0.8205779881319689 0.9136671154679583 0.9393154959266024 0.9960160663036497 1.0900248159525319 1.1979713205862523 1.436457507390703
46 506 0.1943207482216776 1.415002273784224 0.3585137836959691 0.3585137836959691 0.6324543045138543 0.6828017051241514 0.7627827162677188 0.8002421369968193 0.8039511395276281 0.909439537038705 0.9180752864577034 0.9901795343444887 1.0761498082306349 1.2391058761934295 1.415002273784224
47 517 0.18740473211510628 1.4114513357269745 0.34448615864101906 0.34448615864101906 0.6245784179507642 0.670313137715956 0.7550682468399255 0.7961935825316748 0.8119940106341665 0.9097194429811393 0.9142278214081653 0.9794562004165382 1.0924825922023191 1.2778971614808194 1.4114513357269745
48 528 0.19390878329405645 1.3996668271875543 0.340367409722715 0.340367409722715 0.6249535426878955 0.6596541299202242 0.752120587828832 0.7763045115811104 0.804579763122278 0.9149061454654828 0.9192769441723471 0.9766831509369898 1.104570498208432 1.3169759455871768 1.3996668271875543
49 539 0.1994158549081761 1.4197772159635655 0.33424418426306374 0.33424418426306374 0.6359648063126839 0.6562207720118524 0.7311407774943114 0.7740000438952366 0.801682539805626 0.9005124679951416 0.915833666506815 0.9659363298911253 1.1006861210188255 1.3767404846445899 1.4197772159635655
50 550 0.20937458725879143 1.451299254733767 0.32329025730244987 0.32329025730244987 0.6359230151434753 0.6465172498908941 0.7287459924002655 0.7703146745954799 0.8027450687655495 0.9014209000258637 0.920206732557306 0.9431797214378643 1.0930310654577373 1.3738513901916571 1.451299254733767
51 561 0.22834035832519614 1.4819232980756685 0.3174766467691168 0.3174766467691168 0.6232104879553044 0.6388656414526716 0.739594020164438 0.7645718436905548 0.8052590915128408 0.8817167987241366 0.9056041480472181 0.9434170332323869 1.1332766240597345 1.3618543545899184 1.4819232980756685
52 572 0.2284650067216088 1.535928965025365 0.3155158089974572 0.3155158089974572 0.6131593466255578 0.636172695132936 0.7116216149403682 0.7654383180527015 0.8068993370848614 0.8930182919798387 0.8995138873191819 0.9601300796171505 1.1425546612667423 1.3463539910917282 1.535928965025365
53 583 0.21970937483194136 1.5388769841880874 0.3107900400209537 0.3107900400209537 0.6060440718025403 0.6292353991749119 0.7050230121226354 0.7568905140182819 0.8033992925361495 0.8785163399481167 0.9109339926420705 0.9593103291927115 1.1512153914130903 1.34770980304535 1.5388769841880874
54 594 0.20894708443921736 1.5379361875697917 0.3045334119341972 0.3045334119341972 0.6027454200436454 0.631394005602135 0.7047311721113718 0.7531808665309548 0.795288248015836 0.8690504592997734 0.8951764992693758 0.9641436168927668 1.1527746384359452 1.3187634901051806 1.5379361875697917
55 605 0.1963440558124506 1.5312476705604248 0.29329859210761905 0.29329859210761905 0.6027141848612575 0.6285413234450814 0.7096491919935437 0.752967495290235 0.7873186180650215 0.8544849542830907 0.8734433370152273 0.967365968984337 1.1704577949793902 1.3132729550414606 1.5312476705604248
56 616 0.1867849712440058 1.5071712945917126 0.28513618785992884 0.28513618785992884 0.6073975048950544 0.617994002578075 0.7120855182571202 0.743132561814437 0.7935770691006158 0.8459076341358845 0.8633958456137014 0.9631120344076435 1.1891939826502358 1.3165103065287447 1.5071712945917126
57 627 0.16915821294415403 1.509780343591582 0.2801725102768827 0.2801725102768827 0.6006510477850172 0.6105756851101161 0.7043296068272746 0.7414984306358018 0.800676984146155 0.8397280826880326 0.8569032014419875 0.9487520344946815 1.1821495772594766 1.3201693174072875 1.509780343591582
58 638 0.17204726577686572 1.5077098723384479 0.27911653792447155 0.27911653792447155 0.5851673485700979 0.6031607865669018 0.6942714597692065 0.7434537714376265 0.7967516071032964 0.8394855948378105 0.8704636678311962 0.9359493186494969 1.194185340199497 1.3029457490028873 1.5077098723384479
59 649 0.16586159617664986 1.5150663222480056 0.2731175327001489 0.2731175327001489 0.5730586075324716 0.604875916635091 0.6922491545769587 0.7325635581191707 0.7971156142246631 0.8235159807547608 0.884058519508104 0.9440975964934443 1.1859675717749336 1.3285547403920517 1.5150663222480056
60 660 0.15843428593312447 1.5233049897111854 0.2743267711636931 0.2743267711636931 0.5634302680433885 0.6040473682872918 0.6901269388970359 0.7259926289236001 0.7840416590212498 0.8016582864035586 0.8908051269017406 0.9438446968395369 1.1885760853328298 1.3398525213164338 1.5233049897111854
61 671 0.15027852341416076 1.5593965559590413 0.26447263439444246 0.26447263439444246 0.5607412028098043 0.5975730187721932 0.6999649531594638 0.7281020486440881 0.779722608156388 0.812880076993405 0.8888027294915074 0.9304936040504587 1.1703378610810693 1.3093840738682196 1.5593965559590413
62 682 0.14510227711340623 1.5882422655876545 0.2609642112566552 0.2609642112566552 0.5493151864434433 0.5931850835080379 0.6926065133443452 0.7300813683695465 0.77855426697049 0.8052146050125528 0.8758877112830785 0.9260410786638908 1.1789243954131503 1.3096180965002464 1.5882422655876545
63 693 0.13528007775213235 1.5891250842429625 0.2564548704740082 0.2564548704740082 0.5467563608739011 0.5934663288252034 0.6853068173178374 0.7283833324334743 0.7731496508215575 0.8143983295387033 0.875897329856704 0.9189401977493373 1.1572033662893224 1.2999590232814833 1.5891250842429625
64 704 0.12839284290816944 1.5417715987855103 0.2548731027540398 0.2548731027540398 0.5399732553938519 0.5854800953866105 0.6860230749734108 0.7299336103943094 0.7697626237597615 0.816867229574671 0.867172041294409 0.9162562373988713 1.1481825738719726 1.2896326188002467 1.5417715987855103
65 715 0.12543464244306898 1.5401326294695719 0.24920823857389865 0.24920823857389865 0.5338281172637532 0.5861247504126508 0.6849659616018562 0.7244378284086952 0.7704805192564561 0.8194171710933588 0.8635368387013436 0.9051356129645023 1.1504452640404303 1.284595008265578 1.5401326294695719
66 726 0.11649981246743159 1.5162708816817618 0.2463139534149438 0.2463139534149438 0.5266693748506245 0.5856676788915809 0.6906984839743465 0.7196054845956702 0.7558543642143881 0.841400813515352 0.8717877448206184 0.9077989606423178 1.1438182384276936 1.2649091684593246 1.5162708816817618
67 737 0.11729206928948423 1.5310479096821201 0.24121452639610005 0.24121452639610005 0.519728329320909 0.5938544536517676 0.6949553828616496 0.7140057952458229 0.7499211880443101 0.815089787375787 0.8628317573831031 0.9075144458662316 1.130561831010526 1.2576516233493087 1.5310479096821201
68 748 0.11625901156494511 1.576794658728675 0.24292915203641183 0.24292915203641183 0.5113046832098904 0.5946601036952639 0.6722075350897402 0.7194132374175325 0.7435545917440878 0.7974841933977554 0.8696930089513804 0.912128592207013 1.1385058905111267 1.2447068725325285 1.576794658728675
69 759 0.10376729534834318 1.5788742358005918 0.23581633054675663 0.23581633054675663 0.5065363644298813 0.5891357898914311 0.6732685283403986 0.714845807150528 0.7537582450394933 0.7769886131266104 0.8824045105769519 0.9115432542612988 1.13876939450088 1.2420963834215881 1.5788742358005918
70 770 0.1012013222883031 1.6000455890042338 0.22603946468412714 0.22603946468412714 0.4969462983264827 0.5881652054468307 0.6726668896011503 0.706379047909191 0.7389820816395039 0.7772515585463587 0.870787015893267 0.9322721849042098 1.1411104331650799 1.2536534925913534 1.6000455890042338
71 781 0.09823776474680669 1.5909417268371582 0.2210130834467418 0.2210130834467418 0.4961137772238527 0.5900328576700852 0.6727533964218672 0.698034227131201 0.7323028623879968 0.7759977868813683 0.8692106387880172 0.9351330652804837 1.1256370386220225 1.2473793412084846 1.5909417268371582
72 792 0.09752606760443604 1.557431450770466 0.2184646182169344 0.2184646182169344 0.4823485595567023 0.5844695555825441 0.6702564258249532 0.704364854150666 0.7382133833647072 0.7806790529045442 0.8685653738309004 0.9347039160652243 1.119183147010068 1.218854973580638 1.557431450770466
73 803 0.08723349660752489 1.5358882198625317 0.21715480325453929 0.21715480325453929 0.4775201778421395 0.5933504598498348 0.6676129439436076 0.699219323136105 0.733602532287571 0.7820706920585504 0.8597782795105682 0.9339047228790477 1.10495113123069 1.2111713767010162 1.5358882198625317
74 814 0.08386337876543043 1.5346622410323747 0.21530367643097306 0.21530367643097306 0.47797372389240006 0.5909904408421939 0.6555193123516665 0.6894899116847236 0.7297486950956664 0.7907718258568225 0.8477843328128392 0.9266582061163863 1.0876166346912142 1.2025347212088358 1.5346622410323747
75 825 0.08119526080447688 1.5242336130244036 0.21200388172022872 0.21200388172022872 0.4679888641881824 0.5995002093690591 0.6470066407008591 0.6926306622093927 0.7092359401155973 0.7876366709337912 0.8369754190887153 0.9230983617791598 1.082345396021301 1.240456358897363 1.5242336130244036
76 836 0.08315571316560055 1.513058223629437 0.2065181307955107 0.2065181307955107 0.4631522873659578 0.5971404033168223 0.6473073081391741 0.7084077143642384 0.716874949756158 0.7812083192564242 0.8348752810213381 0.9223136600175703 1.088869803187002 1.2291888547465413 1.513058223629437
77 847 0.07786120210052012 1.5476156337300861 0.20682507630484842 0.20682507630484842 0.4560503070939192 0.598672651539965 0.6593610249538775 0.7033214913215006 0.7165681704278433 0.7916747438553137 0.8399758779813978 0.8927526870255564 1.0749756119654186 1.22824884631786 1.5476156337300861
78 858 0.07479020533301108 1.546289855078904 0.20792492576904806 0.20792492576904806 0.4473006962930387 0.591891930977109 0.6438535354063577 0.6860806489272475 0.7155473704409482 0.7921548364278803 0.8470461422153317 0.892695555184965 1.0656964199282333 1.2171624974739066 1.546289855078904
79 869 0.07632087126343616 1.5508605139077867 0.2105315304326941 0.2105315304326941 0.43528046402661474 0.5909874397815692 0.6361821570255403 0.68458856389311 0.7258891242023019 0.7887652262630702 0.8496047684791044 0.8745632639640831 1.0704938269011435 1.1797836796473753 1.5508605139077867
80 880 0.07744247834508781 1.5504899629725803 0.20229165684343897 0.20229165684343897 0.4292680419989861 0.5969169095248391 0.6379560746108074 0.6783134568215685 0.7329131311308673 0.8052179021815429 0.8423674436671451 0.914623375460812 1.059456027986718 1.157532703397742 1.5504899629725803
81 891 0.07576623217175031 1.5314272697836455 0.2013000683068215 0.2013000683068215 0.428097975548158 0.5967373280969951 0.6437396312246747 0.6731551973615334 0.7255710283384829 0.8056820571783299 0.8522601328112047 0.9211510292518366 1.0413604321403784 1.1486390675855584 1.5314272697836455
82 902 0.0740224288792798 1.5182392986095592 0.20126471910163293 0.20126471910163293 0.4207800956700824 0.6047207694029951 0.6320728854653117 0.6749661582695184 0.7129478333904914 0.7901774036062754 0.8486383762046177 0.9281622080247312 1.0471312043719665 1.1551860207948905 1.5182392986095592
83 913 0.07400860964439528 1.5276527059203435 0.1943072853495693 0.1943072853495693 0.41413644226068425 0.6112084920905348 0.6440938894278021 0.6792151649615757 0.7106767962199847 0.7963281631500891 0.8430024390934288 0.923462487915141 1.022757272033907 1.1450833591158291 1.5276527059203435
84 924 0.07379623839065123 1.5729093163639332 0.18894102782482872 0.18894102782482872 0.4064742719720463 0.6015521949689255 0.6558479060930391 0.6782594564854281 0.7063482332772477 0.7972218407388784 0.8484283019576769 0.9187186938764349 1.0176849737001534 1.135083617358511 1.5729093163639332
85 935 0.07358612676170354 1.563603891958115 0.18600968026072687 0.18600968026072687 0.398165314128674 0.6029890124679963 0.6568522810328641 0.6763093621618002 0.7000983879264049 0.81187483598413 0.8629408851533759 0.9216706099318389 1.0151207879863555 1.1118015709897446 1.563603891958115
86 946 0.0728524243121082 1.5612849173468237 0.18493110399509333 0.18493110399509333 0.3873039579206001 0.5954674710749222 0.6401687834839596 0.6733519185572323 0.6950323086798018 0.8155691467037222 0.8766810031947657 0.918744402788063 1.025988460732825 1.1160294328285854 1.5612849173468237
87 957 0.0711556030515188 1.5600906361884115 0.17763799296187718 0.17763799296187718 0.3834876839651446 0.5855093216886835 0.6318469293352633 0.6686267150902062 0.7160304388053176 0.8152735381809687 0.8786916432021932 0.9163302240174555 1.058523691293446 1.1154986692682909 1.5600906361884115
88 968 0.06682493306590524 1.541900098345641 0.17290006512271303 0.17290006512271303 0.38189022249251176 0.587929267940561 0.6410567755829837 0.6756613024961717 0.7131047836659261 0.8137368921457393 0.8669046999880945 0.9258830891156095 1.0597409751484896 1.109092440391937 1.541900098345641
89 979 0.0696302338122386 1.523774435449864 0.17138200926500277 0.17138200926500277 0.3773289504880572 0.5692712590065541 0.6439893875633417 0.6708294373744251 0.7018289145779404 0.8077760084004958 0.856002706201269 0.9081590392968186 1.0746855901775998 1.1202084766796683 1.523774435449864
90 990 0.07460373325798489 1.4887078925412236 0.17523985959018282 0.17523985959018282 0.37674241074468345 0.5657592135941916 0.6405802295509981 0.6764849865476167 0.6916625279596378 0.8091260502966554 0.8815030480401769 0.8973285795833553 1.0592055973770285 1.1267315382217173 1.4887078925412236
91 1001 0.08222602032394327 1.491653332855062 0.17715976270639588 0.17715976270639588 0.36768607385918955 0.5612545526388631 0.638891873744641 0.6879126208487325 0.6941808409425873 0.8135395698801352 0.8866878091410151 0.8875999137652998 1.0759705911290482 1.1535316286553825 1.491653332855062
92 1012 0.08532734096700785 1.4801826441078885 0.17406341132659806 0.17406341132659806 0.35887330382351995 0.5637462011602746 0.6299148974616544 0.6811991177950765 0.7124514518868015 0.8154571525615537 0.8791237293535513 0.9016962661247538 1.0638313476790073 1.1911490377759266 1.4801826441078885
93 1023 0.08182634972541505 1.4717460726629228 0.17071600318163996 0.17071600318163996 0.35963662986008804 0.562321936933602 0.6271808109033985 0.6793538620737748 0.7100430272506209 0.804644259159839 0.8758645458239416 0.8954975500459283 1.0490352083541417 1.2056108978980145 1.4717460726629228
94 1034 0.08332263807625383 1.48674012507647 0.169540768643966 0.169540768643966 0.3549603163886118 0.5618562347163126 0.6205035905194058 0.6679368405490214 0.70960825076267 0.8001334563359718 0.8644839306073557 0.897540114983067 1.0400875496937776 1.1877845634715127 1.48674012507647
95 1045 0.08530864080504066 1.4851115227581686 0.1661211325949838 0.1661211325949838 0.34238567615484145 0.5660522457365903 0.6231423837179384 0.684046987792951 0.7097134830363017 0.7973494051146818 0.8676858055169951 0.9255942387077899 1.0279435379633888 1.1759680199773714 1.4851115227581686
96 1056 0.08709909100159444 1.4685484533460709 0.16283927727620146 0.16283927727620146 0.3384351120942029 0.5650990976194792 0.6300390665442107 0.6753529055650316 0.7059989949869838 0.7986244108700663 0.8818313013043921 0.9361600235679416 1.0168562028451757 1.163943523382604 1.4685484533460709
97 1067 0.09259140371490243 1.4703489639929812 0.15894824074463113 0.15894824074463113 0.3325832569707148 0.5697798679504579 0.6303929944216972 0.6755297802202653 0.7100102768446009 0.792496475830154 0.9051168249874288 0.9226068756428866 1.0021705388615676 1.1764514286463221 1.4703489639929812
98 1078 0.09043223207092882 1.4748469178826784 0.15728279763193256 0.15728279763193256 0.3288997766402167 0.5633269136771955 0.6173739220584764 0.6719823833050282 0.7050534850641803 0.7880658379335415 0.9100770728301336 0.9331743680464927 1.0237547034530028 1.195370448270394 1.4748469178826784
99 1089 0.08741190513945678 1.4726028835838139 0.15060645227746938 0.15060645227746938 0.3271614428833675 0.5664989153154195 0.6188942360291331 0.6815009589464462 0.7002341450947056 0.791594797374657 0.9043691056998863 0.9180943636995395 1.0213982472119962 1.2037861908585785 1.4726028835838139
100 1100 0.08837812524384492 1.4610357810039778 0.14752494406654976 0.14752494406654976 0.32377815468689963 0.5779895720377779 0.6197078113354505 0.6766296318979026 0.6940715071486231 0.7909310906627255 0.8932276492405927 0.899296893833638 1.0226372024483366 1.200352581177743 1.4610357810039778
101 1111 0.0853405606644271 1.5369569898898947 0.1447339576129859 0.1447339576129859 0.31519250988754877 0.582931243158866 0.6180868500414949 0.6589539860206709 0.6833602962932844 0.8045077005143695 0.8719090252653899 0.8866259082827067 1.0115553134543065 1.2095389643151613 1.5369569898898947
102 1122 0.08092535191153719 1.5233998357228538 0.14325518976375257 0.14325518976375257 0.3109691388478011 0.5967293305504525 0.6127444032486615 0.6509664181074826 0.6771327967729049 0.7896784519667625 0.8613238332709364 0.8836564138984877 1.0011488285885437 1.2132217652950272 1.5233998357228538
103 1133 0.07651158044685705 1.5292881987750435 0.14020716589983082 0.14020716589983082 0.304063165897027 0.5870863357395134 0.6237350474834416 0.6492901104228133 0.6626371634702771 0.7864336517491102 0.8591812453952471 0.8850605681694435 1.0004859543785787 1.1843618190892562 1.5292881987750435
104 1144 0.06682125337014554 1.5469648369725657 0.13338633991476376 0.13338633991476376 0.3075689578445258 0.5850908784539312 0.6093585153016823 0.6523224546927899 0.6592279717051202 0.774273497545584 0.8522724188144613 0.8868129276551328 1.010522023686687 1.1717053295709212 1.5469648369725657
105 1155 0.06045373624804902 1.53877427287742 0.12867851758627186 0.12867851758627186 0.3021078189132629 0.5643243893749069 0.6144105634297953 0.6503602453070776 0.6592050614858119 0.7693008287893027 0.8430605214374307 0.8752511824600091 1.0172585515528247 1.1627971656763678 1.53877427287742
106 1166 0.05894799493899743 1.5376663845329972 0.12381528105220277 0.12381528105220277 0.2977564776877173 0.5669572595754288 0.6111707582439776 0.6506449114828942 0.6740915818183203 0.7450089872480492 0.8322773211418937 0.8596752418457724 1.0144218694912812 1.1544073178891738 1.5376663845329972
107 1177 0.05851920190402073 1.5299492329116333 0.12097913527764614 0.12097913527764614 0.28999751951868874 0.5670067374528819 0.6068714622298973 0.647515524357706 0.6642168706342538 0.7515785327295733 0.8290394284883096 0.8589941352644946 1.0095407854042102 1.1989474341152984 1.5299492329116333
108 1188 0.0626879543389306 1.5179183641696492 0.11821637343669175 0.11821637343669175 0.28630248615716736 0.5510628161243777 0.5992734362152946 0.6467936976915428 0.6667351882475477 0.7528070878223222 0.8261475006320651 0.8794887064650512 0.9875180481935969 1.2029843031497496 1.5179183641696492
109 1199 0.060688635630812775 1.4937174098334909 0.1162944504755494 0.1162944504755494 0.2798864713355142 0.550070390848482 0.5940417537730287 0.6457403087772314 0.6547029437553439 0.7394433409303303 0.8248954688269212 0.9124773751247622 0.9874733757915812 1.274152893011971 1.4937174098334909
110 1210 0.05839936128868302 1.4994258972006578 0.11332411132032101 0.11332411132032101 0.27692476651448666 0.5417231431101878 0.571663927450849 0.6399125600363035 0.6524394524919124 0.7458996581329106 0.8251286078404384 0.9137307491756861 0.9889591305678287 1.280150921695739 1.4994258972006578
111 1221 0.05769821879389652 1.493042674787371 0.11048215190419909 0.11048215190419909 0.2709419653243513 0.5370912698670012 0.5831634292497537 0.622354593497811 0.6572103366039244 0.7443896243928858 0.8276715523270071 0.9046999882206519 0.9831517829728856 1.2934456823653178 1.493042674787371
112 1232 0.05354885178859218 1.4893581059644059 0.11035942618288308 0.11035942618288308 0.26077215157859085 0.5318925828568029 0.5788579290940291 0.6128793313881821 0.6560252481674349 0.7464719695251429 0.8344638872544464 0.9006798047437378 0.9871616774175205 1.282133987362935 1.4893581059644059
113 1243 0.05142967896021656 1.466905717008986 0.10825959888682195 0.10825959888682195 0.250988300400121 0.5306363430712312 0.5820602717521061 0.6145589996116633 0.6564890607106316 0.7446264470494872 0.8296930883568944 0.896264667007977 0.9685990172036054 1.2782455653555242 1.466905717008986
114 1254 0.05102613483880714 1.4386838125689274 0.1031870506125005 0.1031870506125005 0.24905129633434678 0.5343657302854201 0.5866608241609278 0.6086800943579735 0.6481656535129805 0.744179904411925 0.8238595774446283 0.9298702397539689 0.9606242408539337 1.2698116939648192 1.4386838125689274
115 1265 0.05337811013832632 1.444895588127097 0.10089665978600942 0.10089665978600942 0.2444107772513197 0.5418967787032514 0.5874526320547516 0.6116705405643795 0.6470950352021536 0.7398647004820875 0.8328654601089867 0.9254241366065533 0.9567306090280182 1.2599594658210007 1.444895588127097
116 1276 0.0535863343615063 1.4451722214275822 0.10004857930641832 0.10004857930641832 0.23481292780089613 0.5412378977099035 0.593892359359577 0.6302963630682872 0.652137842714685 0.730198905450158 0.8184817098826282 0.9234595722884221 0.9669250402348357 1.2615812889226075 1.4451722214275822
117 1287 0.05424067003783933 1.44039738361348 0.09907848554135051 0.09907848554135051 0.23975779075671236 0.5402754047780453 0.5770264447152249 0.6159721704075426 0.6654872710917079 0.7259794696802909 0.8089800092569338 0.9229233269571483 0.9782695072258364 1.2662174872692504 1.44039738361348
118 1298 0.05427137738386384 1.4654514842881838 0.09784945892723694 0.09784945892723694 0.23452991716212424 0.5387617713578681 0.577699039160557 0.6116214257693077 0.6659973131721912 0.7239246664035307 0.8198274985857913 0.9383961391243902 1.0141591900991311 1.2420224869036378 1.4654514842881838
119 1309 0.052247001000328565 1.4547634310237172 0.09464822881569505 0.09464822881569505 0.23420338607000973 0.5344061331923128 0.5738976885616708 0.6078042703555477 0.687198419571703 0.7160868644716505 0.8328597186407979 0.9258341968001367 1.02200739819071 1.2252342027571514 1.4547634310237172
120 1320 0.0525268070446542 1.4493862134433924 0.09089477948171507 0.09089477948171507 0.23422244987023624 0.5351509959173234 0.5757355209199848 0.6107061303566782 0.6859080353260776 0.6995138895521603 0.8338493011433544 0.9320474990435484 1.0143847456992645 1.2380896746417356 1.4493862134433924
121 1331 0.05162328328187853 1.4349988087496435 0.09081640946172245 0.09081640946172245 0.22819417158158709 0.5383686256748557 0.5742171751999967 0.6188773873473057 0.6872211749694775 0.6906186665655034 0.8303637849146541 0.9360180561716005 1.0131011290605514 1.2241379224291289 1.4349988087496435
122 1342 0.04851009940334057 1.418628279474165 0.0918059905856407 0.0918059905856407 0.22558861597288113 0.5345543214764358 0.5590967933360279 0.6189821768504477 0.6814227380107497 0.6845598671672292 0.8278830643056253 0.9407079866630997 1.0028526560026292 1.2248421911573053 1.418628279474165
123 1353 0.04755104585958902 1.3831598230288282 0.09167265679045078 0.09167265679045078 0.21968794267849548 0.5253394239159893 0.5597968736754291 0.6102447628542729 0.6834273843188237 0.6891632895755677 0.8309449497225068 0.9434381600139661 0.9952332003309565 1.2084444476337144 1.3831598230288282
124 1364 0.0478767841915868 1.3752647232110473 0.08963899537288543 0.08963899537288543 0.21737851525958576 0.5236254492300348 0.5526448980629921 0.6070973182176402 0.6839098867406 0.6876803039692055 0.8362049481181376 0.9200719117638188 0.9901458799656461 1.2291336013136729 1.3752647232110473
125 1375 0.0477317718013529 1.3747116342558037 0.08409651108758244 0.08409651108758244 0.21748405371294563 0.5220222803660299 0.5524397093357319 0.6146588261758019 0.6788888010059578 0.6958795494059529 0.8351498200228383 0.919179401259308 0.9596374256785305 1.2368783630942497 1.3747116342558037
126 1386 0.04511927325139167 1.3619355186592865 0.08333462143552513 0.08333462143552513 0.2152119122968364 0.531904239134046 0.5539265989650435 0.5936820707953785 0.6687890432536364 0.7010895226117443 0.8351636376675378 0.9154346071488582 0.9498514308315538 1.2344926339252134 1.3619355186592865
127 1397 0.04253193811792231 1.363025701856976 0.08101758333720413 0.08101758333720413 0.21420397498128282 0.5310375902379132 0.5513685887174493 0.5761631061864007 0.660871583057935 0.7000641936018357 0.8342500830538432 0.9177601617862878 0.9487015836433712 1.2312619201677713 1.363025701856976
128 1408 0.040812162136501316 1.362456781515448 0.08036059191260836 0.08036059191260836 0.203565018130653 0.5253268908692401 0.5509264306106805 0.583676581989032 0.663416413847879 0.7095073895720123 0.8256472800391923 0.907308035379955 0.9427244339813052 1.2485204380514783 1.362456781515448
129 1419 0.03878090779856531 1.3468420946836062 0.07873142656375612 0.07873142656375612 0.19949442072738865 0.5159191519715951 0.5412274602336327 0.587902557510823 0.6571633642827157 0.721825166019281 0.8137683880366667 0.9047407641142516 0.948611104272088 1.2263229875832902 1.3468420946836062
130 1430 0.0367389935736083 1.3468704676335632 0.0792765360801193 0.0792765360801193 0.19642820330916277 0.5158207158328901 0.5309561152784464 0.5905886794246917 0.6595057184713781 0.7200318995604181 0.8012255938133134 0.8833856135940211 0.9410349226566742 1.2154351123535116 1.3468704676335632
131 1441 0.03359150598567994 1.336620045733555 0.0784830611580895 0.0784830611580895 0.1871129241217783 0.5058224399733188 0.5405172578211135 0.5824210200734988 0.6549497490455846 0.7268894627757252 0.788591206823349 0.8938368038501805 0.9489821142745165 1.2098084013847208 1.336620045733555
132 1452 0.03237301746040874 1.3323656382933595 0.07734773766697409 0.07734773766697409 0.1833120541855983 0.4877820910065583 0.5478885044545662 0.5743348434552377 0.6514508343776559 0.721561444556234 0.7884747479851114 0.8899964638653574 0.9557958746466317 1.196362204554221 1.3323656382933595
133 1463 0.03350697762766489 1.3416623740061173 0.07446556868332639 0.07446556868332639 0.183258788539582 0.4938897810341477 0.549425792449907 0.5757138883020873 0.6326988102171704 0.7330319462634519 0.7875201381657112 0.8901653727710359 0.9469373172806645 1.2044079069844944 1.3416623740061173
134 1474 0.033590284078237505 1.3313024806607394 0.07213889008713044 0.07213889008713044 0.18378053769553415 0.49845445431702706 0.5494332978963589 0.5723643239990093 0.6354471639631026 0.7272257602778452 0.8266943597476023 0.8803651376447225 0.9434321290528717 1.203552673556262 1.3313024806607394
135 1485 0.03336016120743292 1.316567256604032 0.07119831508380332 0.07119831508380332 0.18192763848054097 0.48307751561548934 0.5422278123976535 0.5690847991332941 0.6320846737294095 0.7291505715544457 0.8420543441157603 0.8798139422574943 0.9303042882794119 1.2055799420399438 1.316567256604032
136 1496 0.03204431305664169 1.3081950880707907 0.06938851239175686 0.06938851239175686 0.17961278023021315 0.4775493236017211 0.5430398005731204 0.5763911098063303 0.6214749244868955 0.7259194929880991 0.8487279618478282 0.8713719425815714 0.9309414899253412 1.2018275373456 1.3081950880707907
137 1507 0.0282789077275974 1.3172325402121392 0.06940535819373755 0.06940535819373755 0.16452310018817362 0.47210626414842916 0.5419945636433188 0.5751402853421983 0.6238080347677212 0.728502728044971 0.8469964802797736 0.8686396657858731 0.9354045651605077 1.2074589891414722 1.3172325402121392
138 1518 0.026797694340099203 1.313509172830368 0.06878150086882447 0.06878150086882447 0.15955154296880658 0.46521684089273396 0.5446395125189601 0.5791663803367793 0.6288367349564061 0.7250750207963326 0.8457549916574801 0.8533044290779364 0.9246386505516101 1.1812808540779987 1.313509172830368
139 1529 0.025481050486056978 1.3143469479299106 0.06799036663229327 0.06799036663229327 0.15821274990063353 0.4654515722085609 0.5334639757486935 0.5827920132627161 0.625747864872796 0.7355699803304788 0.8323501391066294 0.8454397184911457 0.9313648989121546 1.1660135542798462 1.3143469479299106
140 1540 0.02434967844002278 1.2874401196947376 0.06651815803232895 0.06651815803232895 0.15683088387824076 0.4632344292852876 0.5348396981638772 0.5830246092342775 0.6253394247226545 0.7261211043727401 0.8286398136680811 0.8427313560354899 0.9354478142100535 1.1640780885165776 1.2874401196947376
141 1551 0.022557724519416993 1.2864728622488815 0.06477846989975648 0.06477846989975648 0.15475127519209564 0.45005424300370633 0.5405463585505059 0.577134552165142 0.6222402227452728 0.7255449860819213 0.8326923127528957 0.8436345601168233 0.9302885726833369 1.1585429892587178 1.2864728622488815
142 1562 0.021198815035759322 1.276206805152369 0.06395966773963117 0.06395966773963117 0.14962645806395883 0.44537236777860595 0.5389875591381256 0.5708923256337758 0.6232415674427568 0.7146125636645755 0.8245391802422931 0.8488707101388134 0.9294358812867584 1.1394222280886435 1.276206805152369
143 1573 0.019473679381403743 1.2670485027907437 0.06261006441697699 0.06261006441697699 0.15028760785792153 0.44155645745749295 0.5222304183950423 0.5658027361565042 0.6216037393777748 0.7123185549689909 0.820167120036154 0.8467030375669763 0.9309119132622762 1.1412115208701623 1.2670485027907437
144 1584 0.017116968446221556 1.2690331083874464 0.06203469080833753 0.06203469080833753 0.1513850524319512 0.43663460591692516 0.5232660161570494 0.556015696195296 0.6207486592529677 0.6899022675736003 0.8285719194798218 0.8475282984819615 0.9267477685750402 1.1280700622654152 1.2690331083874464
145 1595 0.016679009329220736 1.254651989525707 0.06131591842042786 0.06131591842042786 0.14772201358549003 0.43258367342527154 0.5185743477172783 0.554259178292832 0.6150792296503687 0.6848929816523229 0.8207027597605171 0.8311627803241145 0.9252699376419828 1.1161070070576802 1.254651989525707
146 1606 0.017304861053517074 1.3128828210081454 0.059282114741867085 0.059282114741867085 0.14574388628503424 0.42876451837011925 0.5117363023986934 0.549183066047919 0.6132233228634835 0.684306820374586 0.8280280854667588 0.8377318421704715 0.926683705370389 1.1076337506222274 1.3128828210081454
147 1617 0.018700108041544067 1.326140868089271 0.05898116896719861 0.05898116896719861 0.14492835076175617 0.4322716545419458 0.5030397369739354 0.5456105862064048 0.6098033237662533 0.6855215861797348 0.8125373347118847 0.8274463691562424 0.9526802205114491 1.1145734365483304 1.326140868089271
148 1628 0.019321678130219268 1.3915583246698129 0.057718296169264466 0.057718296169264466 0.14132945586699266 0.43644796008414155 0.5057735170786141 0.5465739637054587 0.6054111129264681 0.670699939610409 0.8117156179124857 0.8312981618475446 0.9409718059458033 1.1357432223399482 1.3915583246698129
149 1639 0.02059081927102268 1.4123101057769694 0.05759402752771392 0.05759402752771392 0.13693708467386703 0.44825212910154943 0.5009707699095431 0.5507646447985102 0.5996193105707247 0.662835566473853 0.7927192585794315 0.8174342953032111 0.9444385887417318 1.1684506366383776 1.4123101057769694
150 1650 0.021870139503890808 1.4280775315091103 0.05562076217435984 0.05562076217435984 0.1355155269013438 0.45030179532166725 0.4827983063080707 0.5501699988860216 0.5927227142109478 0.6653337997263069 0.7893821059522832 0.8250888252084406 0.9628812475527241 1.2069417676724912 1.4280775315091103
151 1661 0.022147046169255287 1.4216857833936625 0.054856471898648854 0.054856471898648854 0.1306681570883208 0.4526729004754099 0.48080361326332566 0.557873042684575 0.6040124636673929 0.6620443077543061 0.7830631867184374 0.8080724576260202 0.956516246582979 1.2351473181001265 1.4216857833936625
152 1672 0.02154542085276806 1.413975444516982 0.05482696798909293 0.05482696798909293 0.13149748798352515 0.4423338037060655 0.4709814512344119 0.5549981561392108 0.6154016302422615 0.6587193713540542 0.7675237715328421 0.8186198492472144 0.9425574745410765 1.2550216769094091 1.413975444516982
153 1683 0.02030457022739283 1.370833688693082 0.054697758710667295 0.054697758710667295 0.13145619125639715 0.4362698611621113 0.47048661108350953 0.5444739968170246 0.6175515386579461 0.6583125304794977 0.7803453560396052 0.807762500190073 0.9306261755960817 1.2562550264891221 1.370833688693082
154 1694 0.020476078932348582 1.3606500498241956 0.05408949890150426 0.05408949890150426 0.13007095076530578 0.43932462300182645 0.46161599301232964 0.5350496924855737 0.6132730919230079 0.6660284264262505 0.7592005522945038 0.8037028840215336 0.9404576566367706 1.2622231269892354 1.3606500498241956
155 1705 0.020045346807727297 1.3595392747396535 0.053843249931600536 0.053843249931600536 0.13240921949949638 0.4248335735822096 0.4562747721367467 0.5341550898894963 0.6059084845752628 0.6731864432922514 0.7551700399979168 0.7992353672588949 0.9306019483463676 1.269967525198026 1.3595392747396535
156 1716 0.01892842521528337 1.3560142224990264 0.05281162159968616 0.05281162159968616 0.1308917139397222 0.42744671970791775 0.45198979839814185 0.5406005774303535 0.6018490851655605 0.6594358912683238 0.7509345354221136 0.7795251501262239 0.9324814472482776 1.2734984458862064 1.3560142224990264
157 1727 0.018699715223356048 1.338893433001924 0.05245988617797415 0.05245988617797415 0.13017609265134453 0.40836118083010964 0.4501877899995146 0.5434430797535083 0.5980002650512031 0.6531510443735898 0.7484219319950851 0.7752708663999621 0.929830749521006 1.2855807993447628 1.338893433001924
158 1738 0.018799714764404757 1.3155697639806097 0.051606020349684444 0.051606020349684444 0.12612355765540767 0.4099649651754781 0.4422446756288836 0.5452129308894245 0.6045757363220126 0.657713222519665 0.7535103260384851 0.7971496480397948 0.9376314506146016 1.2799385515669985 1.3155697639806097
159 1749 0.018173804760921487 1.3189975124574251 0.05166871992582499 0.05166871992582499 0.12352337585290578 0.4106184596115572 0.440248719066171 0.5460837670589128 0.6111200574033924 0.6561806579849474 0.7667746876356349 0.7974353000038709 0.9174949867936883 1.2579151941481277 1.3189975124574251
160 1760 0.017281654234371967 1.341366503793961 0.05057505228404079 0.05057505228404079 0.12166129852620143 0.40602308650875635 0.43544396665232454 0.5404554470886792 0.6105419407544145 0.6508087700393365 0.7598125345670702 0.7978623759898441 0.8897034830063962 1.2632275798221182 1.341366503793961
161 1771 0.01723327338124105 1.327864087281775 0.05029217982465536 0.05029217982465536 0.12103510432843098 0.3997868244869893 0.4298661179934325 0.5342236564041244 0.6023970809180103 0.6442212402849926 0.7594620975761515 0.7957745786876788 0.9056757064870804 1.2525672879568504 1.327864087281775
162 1782 0.01600110186316347 1.3169471183962447 0.04852456222748702 0.04852456222748702 0.11920492745324039 0.39388538091500036 0.4320989244215631 0.5328681056245049 0.6010178742486121 0.6458508620646551 0.7526876754472738 0.8084084777211743 0.9296366379825549 1.2546882057568085 1.3169471183962447
163 1793 0.015235460029346053 1.3214658372383044 0.04782223122289313 0.04782223122289313 0.11850436782882827 0.38551401053433487 0.4246163388353458 0.5418313356915269 0.6060753453221511 0.6289375947312051 0.7660416412660327 0.8024091533217533 0.9529031905685159 1.2533178922207382 1.3214658372383044
164 1804 0.014050996547548322 1.33684499759576 0.047115430266405266 0.047115430266405266 0.11805514657223368 0.38646391941009656 0.42823021978357145 0.5330526619397866 0.601263615738691 0.6384167920080613 0.7560250548053682 0.7849007355399629 0.9404814264557011 1.259010361548588 1.33684499759576
165 1815 0.012813675458753173 1.327176055155324 0.04578134731158031 0.04578134731158031 0.11813244735750235 0.38532588812832425 0.42383818143662005 0.5298217169508429 0.601891386326395 0.6462531901262537 0.7465496306965175 0.7689932742424601 0.933745613115207 1.2328009410502576 1.327176055155324
166 1826 0.011864962044751248 1.3217419315660606 0.045527284262220864 0.045527284262220864 0.11744304019391771 0.3792444115271896 0.42494599201220096 0.5274001673767559 0.5942363801890969 0.6165777296428969 0.7440343793673853 0.7782227049759451 0.9402835580927666 1.2235036838677404 1.3217419315660606
167 1837 0.011581346707749915 1.3090811953576273 0.04351875879407547 0.04351875879407547 0.11746354600076472 0.3829268894910791 0.42285711379309726 0.5167066554656189 0.6083276480977985 0.6205027090841726 0.746589316558655 0.7785813454012629 0.9262426088150063 1.195694000014073 1.3090811953576273
168 1848 0.011661311693643088 1.3141767922160892 0.04349054217904434 0.04349054217904434 0.11400509077470365 0.3765369667660922 0.42748547719349655 0.5169732695437449 0.6132660901331219 0.6229477557974384 0.7501585370715265 0.7729158028737789 0.922287055357643 1.181163538372042 1.3141767922160892
169 1859 0.011501952100164307 1.3030582267161501 0.04340398735113213 0.04340398735113213 0.1130405703109923 0.37638917291993085 0.42993116359227584 0.5107581851980593 0.6072408852153441 0.6290998280978681 0.7455701528036841 0.7675673704949793 0.9204414670298825 1.1715808774757834 1.3030582267161501
170 1870 0.01093959920597049 1.2954518724364996 0.04236611410642153 0.04236611410642153 0.11190097277130369 0.3812181034611965 0.4265157285438175 0.5084845234775272 0.5995742418368055 0.6349487246657922 0.734833327812859 0.776262110283579 0.9374870005690463 1.1415620281869008 1.2954518724364996
171 1881 0.010159635531400422 1.3024009448322764 0.041795572515342515 0.041795572515342515 0.10851040091369753 0.3738363933174823 0.4306533306008387 0.5051793245317342 0.5856328479639414 0.6343526500352898 0.742470646957499 0.7857978981154672 0.9273509577869724 1.1637136222234656 1.3024009448322764
172 1892 0.009595765026400983 1.2906266262824908 0.04180734687079258 0.04180734687079258 0.10720902214778077 0.37073623789914634 0.4439475966267821 0.5094230314442287 0.5769016318805519 0.6354328941267532 0.7349126379935186 0.7688387689536187 0.9193484705448353 1.1343035287338932 1.2906266262824908
173 1903 0.00878931280844183 1.3057206111658113 0.0417304377759288 0.0417304377759288 0.10476046984311413 0.36882215150526565 0.4402882464393364 0.5006656688499171 0.5640048842772573 0.6414273504999287 0.7336515789859986 0.7617625839861507 0.9109343156008389 1.136403721356793 1.3057206111658113
174 1914 0.00858420049383722 1.280316999883699 0.040078812080261206 0.040078812080261206 0.10564279927503482 0.3614011081363777 0.43976792764765277 0.49340031413834085 0.570826972960591 0.6356701108649498 0.7242239574007179 0.7555782937090323 0.9201187572021753 1.1438053830074046 1.280316999883699
175 1925 0.007980887593799259 1.3002494439257424 0.040016690519161034 0.040016690519161034 0.10356079523979396 0.35808636318460946 0.43623320763615303 0.4917489075521787 0.5693003489378342 0.6270133085306873 0.721390155737976 0.7575921765626762 0.909616901111575 1.1479722835867792 1.3002494439257424
176 1936 0.0075030845933792755 1.3075905880367862 0.03933616810933746 0.03933616810933746 0.10281998769758542 0.3572334499252465 0.4289371828477599 0.47928093909287234 0.5648299334443152 0.6258324787184653 0.7139008458108893 0.7545270098341502 0.9065725642446878 1.1430460572841985 1.3075905880367862
177 1947 0.007581453882892581 1.3163882510209186 0.038951351593604466 0.038951351593604466 0.1015333414288982 0.34505994136666096 0.43171296662892616 0.47368871461985784 0.5521978538336023 0.6304724708664472 0.7131608982263535 0.7524461364990013 0.9035757419610425 1.1249165190394537 1.3163882510209186
178 1958 0.0076775357162376275 1.3511427291796214 0.03851167409330184 0.03851167409330184 0.10079974770597748 0.3315715814328809 0.43076293019881573 0.4747571498039965 0.5510303769632239 0.625560202579387 0.7072281037530622 0.7589107905154708 0.8881450359704244 1.1377855585208416 1.3511427291796214
179 1969 0.00796433196860866 1.3913205854176398 0.03810275349432207 0.03810275349432207 0.0992692925813584 0.3310584233745802 0.41988857485361525 0.47551674726916754 0.5549081389114839 0.6280418356129042 0.7134345489258848 0.7492107826420695 0.8839848717985715 1.1319829916027593 1.3913205854176398
180 1980 0.007940460662000015 1.407665968366182 0.03741269001668277 0.03741269001668277 0.09672373257699632 0.3257749524785541 0.41807692952885556 0.4760566717705099 0.5378137283221248 0.6393369997497036 0.7164165239684764 0.7483101168969143 0.8750693255533333 1.1688570052594356 1.407665968366182
181 1991 0.007832600226399408 1.4176948786171677 0.03707471114755873 0.03707471114755873 0.0939526435312014 0.3239344094181674 0.4152279974893578 0.47743753992095594 0.5327558394286896 0.6342513478859391 0.7171526484217786 0.7468161227634849 0.8730890366667939 1.1680910601776853 1.4176948786171677
182 2002 0.007469825763801893 1.4235323879933832 0.03769600054172096 0.03769600054172096 0.09395373210678903 0.3139903071089374 0.4114451231761537 0.4756339750637058 0.530693893558792 0.6120024252584905 0.7116523884547108 0.7428080178232923 0.8946269153621452 1.1735741379614624 1.4235323879933832
183 2013 0.007180711119188914 1.4347863312901579 0.037758886005562375 0.037758886005562375 0.09273627745156511 0.3056871588454577 0.40633636136042595 0.46235507160927414 0.5280260035722971 0.5993277436256157 0.6941711848860984 0.7481579046913397 0.9032657372005783 1.1770853760862 1.4347863312901579
184 2024 0.007166742658196431 1.4350488871099873 0.03785966700776122 0.03785966700776122 0.09248575776746318 0.30219829013571636 0.39268145404482935 0.4579180778414106 0.5279439259859916 0.5979647976572686 0.6961307132647986 0.7525541840867643 0.8993928848515772 1.1658909408803473 1.4350488871099873
185 2035 0.007172198706809378 1.3885799797435192 0.037186375140951945 0.037186375140951945 0.09214916036602805 0.30324653911721405 0.3988929043738526 0.4524248534892893 0.5283168343842227 0.6084300838580682 0.7009918543579202 0.7512813381737552 0.9042897972878985 1.140505335895665 1.3885799797435192
186 2046 0.006649880316835786 1.3812168374149199 0.036845914189870585 0.036845914189870585 0.09158936367805702 0.30286752476004436 0.38893074718809945 0.443202930685553 0.5276388897787068 0.6136877303648222 0.7021410073735783 0.7605759238772192 0.9042600626864351 1.1326535659397003 1.3812168374149199
187 2057 0.006473427069646072 1.3623345838396086 0.03665641312818772 0.03665641312818772 0.09150748653368573 0.301403077902484 0.3876372771253007 0.44782417034078836 0.5206315095872899 0.5984563880723826 0.6947515000981114 0.7535451232026819 0.8999433307722219 1.1237655178892747 1.3623345838396086
188 2068 0.0057624506980529615 1.3710810687768773 0.035847382530521596 0.035847382530521596 0.08934185619910633 0.2947977586154271 0.3876734704063846 0.4602637739953824 0.522563797216583 0.5971083871239966 0.6984695848645662 0.7668376888293731 0.8849779916847231 1.0723136774922177 1.3710810687768773
189 2079 0.005356039227928219 1.361651508888941 0.03562608041106042 0.03562608041106042 0.08757261833334894 0.2917677644355006 0.3903868671118954 0.466914712963778 0.5217458405996352 0.5786914318772092 0.6921698208890213 0.7675728214500164 0.8724475075936895 1.0495424131056392 1.361651508888941
190 2090 0.005080591203209833 1.3666606542554594 0.035099126011831676 0.035099126011831676 0.08610182154586836 0.2849538689946677 0.39349456886659645 0.4663826757844197 0.5189804146924691 0.5792057242327167 0.6769250281921705 0.7554493847322139 0.8666747976207262 1.0416117238845357 1.3666606542554594
191 2101 0.0048375413831751 1.339772536996807 0.03509745219423803 0.03509745219423803 0.08494162632182337 0.2846237188577893 0.3872695001069112 0.4664936241269986 0.5155449880340534 0.5759983994483125 0.6709860037622614 0.7548519554868125 0.8573107127369546 1.0388770764435444 1.339772536996807
192 2112 0.004579879839177987 1.320257383470044 0.0349533398830498 0.0349533398830498 0.08290138077107478 0.27999668054174753 0.3840691055425336 0.4627850688236626 0.5155300846693595 0.5704229196813565 0.6744888389372996 0.7595469480769586 0.860981499497754 1.032656425914509 1.320257383470044
193 2123 0.004170148371731352 1.2967240723576081 0.034367799758183264 0.034367799758183264 0.08285929840727148 0.2783853281353396 0.38487383655624896 0.46522193447296034 0.510566426105587 0.5586377778163957 0.672822837632727 0.7573148875261704 0.8528868517519952 1.0369584372831442 1.2967240723576081
194 2134 0.004033416144987057 1.2966073804544291 0.0343549271906493 0.0343549271906493 0.08187274009516204 0.27720217064986374 0.37664881159741986 0.45477131615521565 0.5075035675509195 0.552533161476956 0.6848432893159047 0.7562728174648106 0.8433217219553168 1.0013982016758893 1.2966073804544291
195 2145 0.003769906741925954 1.304611653268713 0.03427378178057255 0.03427378178057255 0.07973430171564735 0.2773510063037465 0.3744625319591777 0.4400542553591349 0.5070012619210305 0.5582795894076729 0.6822009212645908 0.7481821477748704 0.8299254370528308 0.9992227618174173 1.304611653268713
196 2156 0.003278830116759646 1.2799809445146653 0.03402023999270003 0.03402023999270003 0.07768213586353884 0.27881610197657286 0.3740890486602166 0.43776169345910537 0.5100284854484562 0.5669210083602633 0.6822849101058063 0.7401440474792346 0.8181637803461752 0.9712884903270191 1.2799809445146653
197 2167 0.0028846291002239326 1.285220575458911 0.033885109024610845 0.033885109024610845 0.07667597888715717 0.27115624829895996 0.36939370054935855 0.4260764889093309 0.5014409118660789 0.5684422830912483 0.6805674664371026 0.7324445633911929 0.8092634829430341 0.9666890102250786 1.285220575458911
198 2178 0.002658837308218557 1.2743140693641128 0.03360607720588511 0.03360607720588511 0.07641964896931507 0.2680877518624336 0.3608004880350413 0.41945786809740054 0.5024842930207462 0.567706774235107 0.6737976457132436 0.7094049374380543 0.7969416480038063 0.9634190606007574 1.2743140693641128
199 2189 0.0024464205467323234 1.2685457866223515 0.0332793278386183 0.0332793278386183 0.07665927638199858 0.2708408985524475 0.35588533046192594 0.41596101542186587 0.4859265226491816 0.5658039528532105 0.6733291024715138 0.6960871477851214 0.7919980833671258 0.9626186922174212 1.2685457866223515
200 2200 0.002360472842166539 1.2669633691707738 0.03309493409374445 0.03309493409374445 0.07699732157401697 0.26887799111924215 0.35277941132096796 0.41603927831610776 0.4818506420307997 0.564186169253894 0.6675355927056192 0.6885250297534725 0.7700348766108988 0.9568188234908934 1.2669633691707738
201 2211 0.002355290100178227 1.263710966642404 0.0327129069042542 0.0327129069042542 0.0765933347526756 0.2697056864322288 0.35281612718351046 0.41375704405767244 0.47855903156044094 0.5777586900641016 0.6503951928897568 0.694100557643907 0.7625028515370689 0.9273630064657586 1.263710966642404
202 2222 0.002330430528015903 1.2679214986925054 0.03250151556898147 0.03250151556898147 0.07674295312944947 0.26169035673694857 0.3425730334142907 0.4086080142672304 0.47732202591451245 0.5731666238186612 0.6580483188823815 0.7182022173608431 0.7594683341450863 0.9317636260744167 1.2679214986925054
203 2233 0.0022389896933369662 1.2809912885740264 0.03314038379972758 0.03314038379972758 0.07579785724432074 0.2613838909048108 0.3401061968771023 0.40716681778359726 0.47775681900415856 0.5617898690781257 0.64454687900746 0.7067788052891586 0.7607183343665884 0.9352760835628452 1.2809912885740264
204 2244 0.0020154683827492735 1.260809347621532 0.03276096182044631 0.03276096182044631 0.07632497666580995 0.2582669379471403 0.33984353129135036 0.40399144530728487 0.47657083972989217 0.5597542913273834 0.6318347919020494 0.7073854051361991 0.7553272496634845 0.9163549765015336 1.260809347621532
205 2255 0.0019163516770906298 1.2685352592833665 0.03269475894380291 0.03269475894380291 0.07604690052313987 0.25265535040705034 0.33977126269293434 0.40135259264446305 0.471077160938571 0.5563889680545426 0.6141805920072965 0.7004600309504573 0.750462951365533 0.9145539406493256 1.2685352592833665
206 2266 0.0017934728538557688 1.2471750207287389 0.03240045174027886 0.03240045174027886 0.07491382184043999 0.2583296120117249 0.3330891471839822 0.39181402984656866 0.4666564420096237 0.545187977874515 0.6166067204215663 0.7052369696522025 0.759848692748533 0.9202800600722071 1.2471750207287389
207 2277 0.0016251927707194398 1.232740854004587 0.031894272585254714 0.031894272585254714 0.07476402109611856 0.2565478756956309 0.33374218709918674 0.3838121928683323 0.447800081793312 0.5395345093768514 0.6132593402900222 0.7095932105363234 0.76514824209867 0.9480340807654661 1.232740854004587
208 2288 0.0014623210744740482 1.2120442558414743 0.03161225109345698 0.03161225109345698 0.07415162333637428 0.256007646256941 0.3279252920441758 0.380435835113133 0.4457823365114413 0.5352716551940183 0.6150139442062549 0.7041619150568481 0.7470293961176051 0.9267892998657913 1.2120442558414743
209 2299 0.0013441159719180544 1.224205588108902 0.031128457490597852 0.031128457490597852 0.07194453533955579 0.2562653003015087 0.3225131036294496 0.3776335058756322 0.44414986858816685 0.5321895296742232 0.6016494992815251 0.6932806926748344 0.7391532306281434 0.9248362074954531 1.224205588108902
210 2310 0.0012624885202628586 1.232595985913913 0.030237566301486947 0.030237566301486947 0.0699736531925993 0.25645236574021607 0.3168474306633803 0.3875777063465094 0.442356621583978 0.5278920348035513 0.5896389669124288 0.6955367133795384 0.7369447543907787 0.9253929766685922 1.232595985913913
211 2321 0.0011695988916573547 1.2236647456654264 0.03023644808980727 0.03023644808980727 0.06753626138452326 0.25369353224028657 0.31717977737348735 0.3886592765731873 0.44242618952149704 0.5346809634455933 0.5888016587553107 0.6720921969642885 0.7390768961350561 0.9163235219650168 1.2236647456654264
212 2332 0.0010577014433915692 1.2262069373641777 0.030158968684435215 0.030158968684435215 0.06777877942377357 0.25139568289194114 0.3045208030048903 0.38378111180154006 0.4405079979372793 0.5364967062337872 0.5816388941106568 0.6760332066326211 0.7427386211254324 0.9105564283153921 1.2262069373641777
213 2343 0.0009691203997917802 1.219329090619774 0.029888409156634085 0.029888409156634085 0.0668361702822398 0.250764559801175 0.30278209292666297 0.3826449010544367 0.4337619724560448 0.526041052595513 0.5786460151741003 0.6659182533341099 0.7413679563496332 0.8995862100618798 1.219329090619774
214 2354 0.0009530574863341291 1.2024540898023057 0.02958553876512614 0.02958553876512614 0.06582410684243169 0.24612565345472853 0.299023136103187 0.37456916686348146 0.4291720425069677 0.5225876887909432 0.586010014639558 0.6634603017987502 0.7456527327731594 0.8931841234739799 1.2024540898023057
215 2365 0.0008923075142782207 1.1857942834161896 0.029271015046208444 0.029271015046208444 0.06508370372803729 0.2479684689235141 0.29878122466834667 0.3725176532914695 0.4317258081911878 0.5134173448072483 0.5868006306437876 0.6604169107275926 0.7449119882600213 0.8908949049268988 1.1857942834161896
216 2376 0.000814563969269391 1.1827758163047546 0.028916969246248498 0.028916969246248498 0.06569195766285904 0.24688058369104166 0.2942291201964087 0.3693935265497026 0.42411941096577227 0.5092779541037497 0.5793211320658306 0.6523889672601864 0.7409696338867926 0.8919756140795251 1.1827758163047546
217 2387 0.000730346980624895 1.1843209625359443 0.02851541383415281 0.02851541383415281 0.06565009707190679 0.24556850079764217 0.2870342273292108 0.36736516626439464 0.4290878542116664 0.5041969142732033 0.5769645880904273 0.6453838070939489 0.7377544520109165 0.8748978762442268 1.1843209625359443
218 2398 0.0007173482965762243 1.1826921206728949 0.028850363873648685 0.028850363873648685 0.06337900849249821 0.24735896990407463 0.2868115636838986 0.3552741199563188 0.43277405090049176 0.5026475579317399 0.5752199167353453 0.6413013625341486 0.7252058527757345 0.8752960101199289 1.1826921206728949
219 2409 0.000705834217442727 1.1832443703920041 0.028483100111737575 0.028483100111737575 0.06702894594166947 0.2431090689726624 0.2823155938894358 0.35470341167974717 0.43622063697130337 0.49880142271966016 0.5589193438089954 0.6477491983676883 0.7086382898244133 0.8711611980074746 1.1832443703920041
220 2420 0.0006693304567726786 1.1986729386302286 0.02835037438717099 0.02835037438717099 0.06560938832028237 0.24069144144038257 0.278220663311059 0.3515490701161814 0.43293585662360756 0.4956188628959678 0.5620674907986781 0.6502208015477261 0.7044258790787068 0.8588185227066218 1.1986729386302286
221 2431 0.0005931459924688075 1.2173990620958979 0.02769142277870976 0.02769142277870976 0.06501181156511587 0.23928722287171578 0.2743105107613638 0.34751402385228203 0.4282488414009967 0.49802799263296205 0.5500170483421841 0.6520135979768014 0.7068375313402343 0.8567855280426018 1.2173990620958979
222 2442 0.0005360508012082245 1.1885056956678584 0.027576040130038643 0.027576040130038643 0.06565452198563974 0.237698906994448 0.27417310739885004 0.3453990624933592 0.4271576869842211 0.4922288970567154 0.5382985375627619 0.6554488738175278 0.6892804620617883 0.854493102035392 1.1885056956678584
223 2453 0.0004902108824250405 1.179263930064367 0.02741957596113009 0.02741957596113009 0.06443935812593404 0.2374869159909094 0.2719085021417661 0.3447850732315056 0.4290178175036387 0.4981078103241842 0.5318357481003936 0.6291105963483095 0.6849626674085147 0.8469163210528258 1.179263930064367
224 2464 0.0004568518031072539 1.1572741314726576 0.0275274896720554 0.0275274896720554 0.06335513023881396 0.23776597679271655 0.2721770935933184 0.34009846532748067 0.42942206248046216 0.5059964965581488 0.5224326824217815 0.6248768983640929 0.6764093762614254 0.8416573465090915 1.1572741314726576
225 2475 0.0004124023740312066 1.1598636985778203 0.027627053153335177 0.027627053153335177 0.06315295587646906 0.23399992076596768 0.2721026847524519 0.33681057883337195 0.4321408928033505 0.49476677528577756 0.5210285858004917 0.6218059308503335 0.663546517803284 0.8416802004478939 1.1598636985778203
226 2486 0.0003727612739624372 1.1463976482974687 0.027083451022883714 0.027083451022883714 0.06196305687925473 0.23966984483723217 0.26919383704208855 0.33344085388794703 0.42516625443620615 0.49662697720112636 0.5277575457423147 0.6206857503797957 0.6628405409753639 0.8295027849511907 1.1463976482974687
227 2497 0.0003563784491203065 1.1312604001874313 0.026830636467302663 0.026830636467302663 0.0622205982373979 0.2331303646191458 0.26630647624199943 0.33375301010954816 0.427427133686427 0.4887146172915745 0.5170692541197015 0.6116221040805903 0.6580795478107275 0.8272010881006558 1.1312604001874313
228 2508 0.00033904327719358707 1.1189406467438539 0.026216285556808088 0.026216285556808088 0.06196642188862976 0.2301419172220498 0.26833066701181957 0.3331748366466868 0.4211819939042483 0.4862672048632643 0.523431085424497 0.6064595582361881 0.6645308873270331 0.8227877465639339 1.1189406467438539
229 2519 0.0003061094067863519 1.1190301423920792 0.026090107059159852 0.026090107059159852 0.05939449261227434 0.22415080305029697 0.26931328094430723 0.33031719531634757 0.41895140782650614 0.4824478713697308 0.5332977139946254 0.605255018528294 0.6606111375847434 0.8054874766085407 1.1190301423920792
230 2530 0.0002835305473136045 1.105294059756149 0.026099450154373913 0.026099450154373913 0.05793236963267253 0.2217175999973577 0.26377763799310705 0.3241260751246807 0.41968254744432537 0.4723595618011881 0.5309039308651788 0.604682728314738 0.6575424784480086 0.8039362585636131 1.105294059756149
231 2541 0.0002695088351996082 1.1054945009089256 0.02571858244469237 0.02571858244469237 0.05697584842946701 0.2177083770223931 0.262543455885767 0.31734546767199634 0.41959722619475925 0.4705994515799555 0.540759631164896 0.595150588556963 0.6532943163629387 0.7959221760816497 1.1054945009089256
232 2552 0.0002672061638762471 1.1033435887150587 0.025361068915616503 0.025361068915616503 0.05731287232373844 0.21059164055862017 0.2609003143462913 0.31136858404259776 0.41865328109269906 0.4668264847010241 0.5530737417746712 0.5879776973634391 0.6491560692102631 0.7893847552185635 1.1033435887150587
233 2563 0.00026231720390488243 1.0907103494788741 0.025133288528498644 0.025133288528498644 0.056937961949024556 0.20689211077908273 0.2587297148953817 0.31159568938184334 0.41382527426265847 0.45960121981468754 0.5564057170777705 0.5838087793633007 0.6484176626127578 0.8008225438181621 1.0907103494788741
234 2574 0.0002485024102426949 1.079325844573514 0.02465407977113967 0.02465407977113967 0.05599257859118173 0.20766309502062769 0.25788808786958284 0.3110487863692061 0.41240771984718 0.45058877271037834 0.5497776219198767 0.5828482155312946 0.6511141229667107 0.8031861934144325 1.079325844573514
235 2585 0.00023521040263770515 1.0640850229567502 0.024265698833392607 0.024265698833392607 0.0562750350202611 0.19932008163859186 0.2575014350887609 0.30962004519598035 0.4086988892141811 0.44690576567102763 0.5528602247756152 0.5814598042826524 0.6573812394588625 0.790369719507907 1.0640850229567502
236 2596 0.0002181095217212866 1.0349403136790352 0.024149119378840192 0.024149119378840192 0.05620042873154501 0.195886274654876 0.2549082131923619 0.3086254757858623 0.4043722991506042 0.4476662130638317 0.5421490930252956 0.5807010188311708 0.6544113626522113 0.7943135855301353 1.0349403136790352
237 2607 0.00020816040831135986 1.0364553166398736 0.02322833009456102 0.02322833009456102 0.05591565874026617 0.19361408070510724 0.24990182673495046 0.31074906328216473 0.3973669476474963 0.44396397749416977 0.5354439161774619 0.5911339562353134 0.6579271420531917 0.7899261459054261 1.0364553166398736
238 2618 0.00020690111581179896 1.0455225525754817 0.023269218964894686 0.023269218964894686 0.056009531873935224 0.19443449335737117 0.24471651647129292 0.30206291825066783 0.39404089051143504 0.43961088865680015 0.5261145843940608 0.5856744271679293 0.6574719264262683 0.7933372488106349 1.0455225525754817
239 2629 0.00019855596398657592 1.0403587552597746 0.02296090026702798 0.02296090026702798 0.055953566885128675 0.19194810579260038 0.23774136023921105 0.3023125605883007 0.39723894836786555 0.4402046266539587 0.513621540145409 0.5824305558677907 0.6629154724022666 0.7976439181779578 1.0403587552597746
240 2640 0.00019111475882835992 1.0168152537976791 0.022635547063778017 0.022635547063778017 0.05478331431923271 0.19073919383668672 0.2310764160348842 0.30179550254667337 0.3968746414340742 0.4297020540259381 0.5144999595607931 0.5852072834140447 0.6749882382539636 0.7984869903742791 1.0168152537976791
241 2651 0.00018932870313354455 1.0150247899590186 0.022036712074852974 0.022036712074852974 0.05452542210417423 0.19138996666627905 0.23008298675075223 0.2862554818969217 0.3974456738620367 0.4356667596144028 0.5123737319016682 0.5825061073172785 0.6784312669100016 0.7928381921951191 1.0150247899590186
242 2662 0.0001809092768760038 1.0200149636000666 0.02178734439473213 0.02178734439473213 0.054039599869915605 0.19033795934475106 0.224233409435692 0.28364479378887764 0.4027762928638072 0.4457964276836101 0.5080915904319667 0.5832386858016458 0.6814974133623185 0.7844415413429101 1.0200149636000666
243 2673 0.00016828592053916565 1.0182172015524376 0.020959676594526636 0.020959676594526636 0.05441875741410328 0.18845785934799253 0.22059567019030699 0.28465306413327796 0.3900577248879273 0.45210304975770643 0.5085056671323184 0.5803220332370996 0.6758352740686107 0.7818439402818486 1.0182172015524376
244 2684 0.00015923320078032027 1.0195732813348168 0.020832907572860784 0.020832907572860784 0.05293512833315905 0.18872043803480185 0.2180561077881218 0.28411664723472263 0.3923955330191762 0.4407641983762864 0.5079709155792771 0.573813349384155 0.6755088451174927 0.7677416624217882 1.0195732813348168
245 2695 0.00014581560039858695 1.0374015090394593 0.020151235747226475 0.020151235747226475 0.05210342363459524 0.1850631610500402 0.21813357885795828 0.2828965625103801 0.3862288314248442 0.4487570031266666 0.4998440898073938 0.5793080263234792 0.674412433380638 0.765356659574954 1.0374015090394593
246 2706 0.00013820058551901784 1.0168197101659449 0.01991551999011131 0.01991551999011131 0.05207408729865676 0.18462555759562863 0.216859248233834 0.2831719513364421 0.38594238823024063 0.44830358411401033 0.4829632187122482 0.5622070045745461 0.6694576232545807 0.7723562597596635 1.0168197101659449
247 2717 0.00013290176956161926 0.9993333655576166 0.0199675961033117 0.0199675961033117 0.05148767750168071 0.1844139950335682 0.21903852332198342 0.2769514026168696 0.38632189843064074 0.4383382686992926 0.4822408667707668 0.5638745208538752 0.6742791245484732 0.7753091565807153 0.9993333655576166
248 2728 0.00012728689178962058 1.0029328547642806 0.019806349722601202 0.019806349722601202 0.05168033894248754 0.18108233925821862 0.2181406708369566 0.2762800284396811 0.38482374618250886 0.4315057482950305 0.47902801108793175 0.5608751167160377 0.6728838476717567 0.7675319072886169 1.0029328547642806
249 2739 0.00012046476490394506 1.0062376037439382 0.019730681725091816 0.019730681725091816 0.05058722787767968 0.1787941514762056 0.21379426033904012 0.27676079128289227 0.38215145937895895 0.42674838717430136 0.4854189909897001 0.5701893865096007 0.6632129785275552 0.7519554126687222 1.0062376037439382
250 2750 0.00011397434418495489 0.9992627435327428 0.019457534100927244 0.019457534100927244 0.050358058517602354 0.17627001436126047 0.2094857446096943 0.27563915140569273 0.38146518705523397 0.42819074283528546 0.4887724438491182 0.578888520377417 0.6638425070231826 0.7336129449228481 0.9992627435327428
251 2761 0.0001046225633426411 0.9957098885941994 0.019666858218228996 0.019666858218228996 0.04967356982992456 0.17491219410652972 0.2112230333084186 0.2757801423537654 0.37760642904266506 0.42190612004235767 0.5014500045565323 0.5775634455197735 0.6558058187837206 0.7171474064151186 0.9957098885941994
252 2772 0.00010051583709066882 1.0023774586740055 0.019303137045597652 0.019303137045597652 0.048910492412591225 0.17275964837634414 0.20855222963074802 0.27217916012759985 0.3787739474297963 0.42343760796281266 0.501439660192787 0.5826806880021554 0.6254417399264162 0.7192331865328533 1.0023774586740055
253 2783 8.81895258039419e-05 1.0128511381787542 0.019328605367031272 0.019328605367031272 0.04812734485765209 0.1674020334769874 0.20982960275284074 0.26948526188002636 0.38485184560947955 0.4242969053232196 0.49938940116590147 0.5904182526725337 0.6195023488264824 0.6955335134480596 1.0128511381787542
254 2794 8.130596160813544e-05 1.0165573562354882 0.019067671274991725 0.019067671274991725 0.04746056150151581 0.16775330813907371 0.2039092603377687 0.26490988156370077 0.383796302532407 0.42298832773843353 0.49439804817962285 0.5873335443972694 0.6181597976490345 0.6905794612381889 1.0165573562354882
255 2805 7.716135732336903e-05 1.0018678584053582 0.01888081302693004 0.01888081302693004 0.04619468452514059 0.16429899128667697 0.20380941890903287 0.26507191711581135 0.3777593310899956 0.4203030509531448 0.48831240375908586 0.5962914918578157 0.613820039902643 0.6969796692976579 1.0018678584053582
256 2816 6.934952562359741e-05 1.010709854100942 0.018837709926794545 0.018837709926794545 0.045641217183787296 0.16352018475887603 0.20333095107185398 0.25674627452169346 0.37906864135972135 0.4164390203953066 0.479286693127503 0.590775030547942 0.6111951186695123 0.6948283529798557 1.010709854100942
257 2827 6.301960770497503e-05 1.0171511338083383 0.018104339174133736 0.018104339174133736 0.04457074705740173 0.1606796120939428 0.20150339797020927 0.2551541543968837 0.38141769665735586 0.41414780154216685 0.4765999616308786 0.5858963846277081 0.6157968817382974 0.6920951792077893 1.0171511338083383
258 2838 5.536070959240011e-05 1.0117517616390135 0.017762237989787842 0.017762237989787842 0.04380437077839896 0.15851867492036975 0.1972319757415488 0.2543442456206229 0.37767074627821656 0.41496693514036836 0.47598659562371204 0.5831020462741682 0.6158548300245235 0.6747597294633507 1.0117517616390135
259 2849 5.282214871291443e-05 0.9975551210846606 0.017777389276501347 0.017777389276501347 0.04322247484225118 0.157857307735876 0.1908365543345757 0.2521036974739386 0.3765640228425451 0.41063091972934196 0.4722207403981386 0.5656034903838598 0.6201947979091988 0.6742410080961999 0.9975551210846606
260 2860 5.078735674476967e-05 0.9940844927139367 0.01729807817345153 0.01729807817345153 0.042589869145547195 0.15868836126012467 0.1908338893995295 0.25138290012069603 0.3732118647553454 0.4125211443915468 0.4749701883624372 0.5550605019133988 0.6118601078566762 0.6759879348061745 0.9940844927139367
261 2871 5.013858524498713e-05 0.9971730698066777 0.0172010580094443 0.0172010580094443 0.04333058829039797 0.15834392223955268 0.18970136045096173 0.2483051345150275 0.373564076408339 0.3988657861358259 0.4788814778707668 0.5344487663576274 0.6007719472133957 0.6745731930162008 0.9971730698066777
262 2882 4.8418676491501214e-05 0.9923082662617284 0.016830314605299827 0.016830314605299827 0.042757706222524124 0.15670364874104709 0.18862453933561563 0.24622807143517805 0.3669686424374281 0.4120307173314443 0.4802077215530811 0.5383137359848624 0.59674727013567 0.6839095418808375 0.9923082662617284
263 2893 4.727084988760006e-05 0.9870340142173611 0.0169747663003919 0.0169747663003919 0.042520028157598526 0.15594161469343448 0.1887285498905099 0.24500560905128263 0.3678182469339212 0.412609023568266 0.45540614068024604 0.537021815652088 0.5922855276492416 0.6843229443408443 0.9870340142173611
264 2904 4.6145895884272115e-05 0.9914298635703943 0.017128393952522813 0.017128393952522813 0.04200113508808135 0.15408009272097795 0.18818572252193794 0.242231101875613 0.3669147342178279 0.4121747119191837 0.457126832195376 0.5272484282982617 0.5764629694793184 0.6826262748472989 0.9914298635703943
265 2915 4.488078861411921e-05 0.9883650241459397 0.017129240334283223 0.017129240334283223 0.0427617407203001 0.16000564576853288 0.18284053156614105 0.23893004553148814 0.36890718715225296 0.4114241022091571 0.4565548780852614 0.5183008610765317 0.5624750839843089 0.6647514449996013 0.9883650241459397
266 2926 4.226325540645133e-05 0.9843786317703532 0.017329489464352903 0.017329489464352903 0.042626709595862664 0.16021099064853916 0.18308629015968325 0.23883881001107807 0.35568334910313626 0.40261883519650554 0.4535840599322458 0.5211987606539237 0.5468503963699342 0.6863003198698463 0.9843786317703532
267 2937 3.9980570981328956e-05 0.9765077276538272 0.016692266245845456 0.016692266245845456 0.0440288641855287 0.1603954442735859 0.18218298774258954 0.23800794576449624 0.3519477576604531 0.39778676863550455 0.450018442665529 0.52127778166739 0.545074619580569 0.6784680762774125 0.9765077276538272
268 2948 3.830239586641525e-05 0.9737861935815056 0.01604872223853359 0.01604872223853359 0.04312370636812672 0.1610535471156519 0.18023408436565952 0.23348932826674176 0.3503852010389486 0.40378098085644853 0.44471918578232517 0.5206045898191975 0.5496401846656306 0.6954407615450188 0.9737861935815056
269 2959 3.749549620167066e-05 0.9721431025486258 0.01646306211222277 0.01646306211222277 0.0423086669634295 0.15949411053217347 0.18137244865504334 0.2311980796312184 0.34636750432672375 0.3982753079342935 0.4305633616397214 0.5155045214174769 0.548990165189236 0.6954151946889504 0.9721431025486258
270 2970 3.5440705833004714e-05 0.9607175029794338 0.016200724764969546 0.016200724764969546 0.04380916444761615 0.15686544024960652 0.18089328144211933 0.23373442299040148 0.34106642504370077 0.39240010797739977 0.4315501658530319 0.5079415929789161 0.5507183286409161 0.6862047223539832 0.9607175029794338
271 2981 3.243174261279046e-05 0.9611120522484031 0.01615964821757802 0.01615964821757802 0.04355861682212666 0.1578618927581246 0.18036941671756415 0.23297784757297418 0.3392514382758411 0.3912574563245422 0.42289079275922015 0.49792424454864165 0.5503186727151009 0.6794498269696693 0.9611120522484031
272 2992 3.185048485288796e-05 0.9358042474472311 0.016339431529178012 0.016339431529178012 0.042259906404920236 0.15504580202723373 0.17914855373174043 0.22951821916630466 0.34205782734236484 0.3923040780538599 0.4233590092390725 0.4957994184603857 0.5606450683479841 0.6709982470867316 0.9358042474472311
273 3003 2.9396737424607385e-05 0.9222254459709812 0.016338429019187767 0.016338429019187767 0.041434306202868254 0.1514623961898574 0.17817360841715257 0.23284552862713903 0.34166066980363025 0.38947247611938013 0.4238678333610912 0.48655019969580965 0.5710228716039936 0.6678101770296377 0.9222254459709812
274 3014 2.628952255770586e-05 0.9209695223831272 0.016090781404155964 0.016090781404155964 0.041684876323079614 0.1488277330522763 0.17390825686001618 0.2282242040607746 0.3440809882207199 0.38633535776121536 0.4252599085412652 0.4889374762749573 0.5590685881962113 0.6560593840910414 0.9209695223831272
275 3025 2.38539056260379e-05 0.9111732464114009 0.015869667962722954 0.015869667962722954 0.04154157457828691 0.14813142721570294 0.17284157195009492 0.22201580402956783 0.3441322138444481 0.3863942456993113 0.4187840528329443 0.4900251490872961 0.5600303967579287 0.6419583020425917 0.9111732464114009
276 3036 2.4081777259452156e-05 0.9004912233647554 0.01580668415925049 0.01580668415925049 0.04076767469852054 0.14828896855935808 0.17289950428769407 0.2195183910624703 0.3421919056456448 0.3831223404092212 0.416502310192365 0.4844808806905078 0.5611941106772133 0.6326478985898614 0.9004912233647554
277 3047 2.3314577444960135e-05 0.9259741493621192 0.015286344828431584 0.015286344828431584 0.04077249529101179 0.14831334305169278 0.172697610367565 0.21796751997020675 0.3413505165044059 0.3791115816417843 0.4097896210657737 0.5093000706871665 0.5514977503577877 0.6184974299363049 0.9259741493621192
278 3058 2.1709740941789167e-05 0.9186368332049379 0.015208708539278264 0.015208708539278264 0.04088709537590834 0.14769576556626304 0.17202059599786335 0.21619947441158557 0.33418137254308944 0.37201540137688643 0.40891781031127283 0.5181421278519293 0.5557947103790467 0.6173080715841504 0.9186368332049379
279 3069 1.9719670675854607e-05 0.9147714385679284 0.015080281054247052 0.015080281054247052 0.04054152023592142 0.14562105396979477 0.16948310465711564 0.21570118592155976 0.33565478516148606 0.3720518545983821 0.40247205946614645 0.5132799494987247 0.5484837018934735 0.6178306052039376 0.9147714385679284
280 3080 1.9011555280141412e-05 0.9097447365207055 0.014642984383336739 0.014642984383336739 0.039530287965506956 0.14657023447161696 0.1695981419486139 0.2146489342255301 0.33119656290407107 0.3582427478732545 0.394269555991172 0.5140159230576878 0.5470174883527557 0.6177151006450312 0.9097447365207055
281 3091 1.715909069098539e-05 0.9025735064331234 0.01437615441280662 0.01437615441280662 0.03936635221862081 0.1459297960809389 0.1686135617356853 0.2172413940323877 0.32803040181308435 0.3607997612507818 0.3950661114637018 0.5008755968078357 0.5399878328552228 0.6267185117779367 0.9025735064331234
282 3102 1.541829186072119e-05 0.9011658587475316 0.01430140389099204 0.01430140389099204 0.038960444609517364 0.14531397266992827 0.1677256772678561 0.21707016474394167 0.32151579807831576 0.35679122216868425 0.3823202282462479 0.49548333290168517 0.5374196292400676 0.6172194281642668 0.9011658587475316
283 3113 1.490314832664561e-05 0.8760021936891811 0.013937006751914857 0.013937006751914857 0.038972405121094275 0.1438014293704241 0.16529238690307557 0.21681097830366222 0.31858897402434566 0.35682496305215816 0.3799559662896735 0.49670917740723786 0.5231934223607415 0.6146138859955647 0.8760021936891811
284 3124 1.3613825360232265e-05 0.8788670609115293 0.013881894805118413 0.013881894805118413 0.03909883845243031 0.13962309715559665 0.1669221985726828 0.21674494445773054 0.3119723913209012 0.3605277571571717 0.37507680791676223 0.4986071317900193 0.52748369531404 0.602038252856525 0.8788670609115293
285 3135 1.2318956524786708e-05 0.8788241568549281 0.013646191142436665 0.013646191142436665 0.03925123484461781 0.1380999367184112 0.16558846004744443 0.21502433418200984 0.30152305293637816 0.3562161401177298 0.3665573651770177 0.49709522298615477 0.5213430156680231 0.5968946776764972 0.8788241568549281
286 3146 1.1863444510162888e-05 0.8751364778101534 0.013965048782273141 0.013965048782273141 0.038662865755545305 0.13856407261110643 0.16269932180559368 0.21585144090478986 0.29408470698013506 0.3579454035556057 0.3696612344215005 0.49609835608407854 0.5187257390997456 0.5817480824364167 0.8751364778101534
287 3157 1.0426358834225876e-05 0.8851837893999179 0.01404781095146413 0.01404781095146413 0.03812890970860335 0.13955589767045987 0.16258999730301002 0.21600787856181325 0.2965151936324059 0.3594050156228232 0.3692920069687394 0.47728477762607846 0.5184443943777919 0.5608075124893653 0.8851837893999179
288 3168 9.819068889428516e-06 0.8856529326924912 0.013913395328609027 0.013913395328609027 0.03794598960015341 0.14018267013302266 0.15832361291165023 0.2145173576298493 0.295905164960103 0.3556926401354118 0.37088136409444417 0.47009406339449106 0.5027116609157926 0.5609793314332234 0.8856529326924912
289 3179 9.713718410338005e-06 0.8701418439894687 0.013862180257539552 0.013862180257539552 0.03764742475783914 0.1412157663160721 0.15732985574103037 0.20719309788385587 0.2936512808394433 0.35177926387588965 0.367118230283505 0.47197457927417075 0.5005080274142002 0.567635442891396 0.8701418439894687
290 3190 9.179031826088492e-06 0.853856575796299 0.013882130550979865 0.013882130550979865 0.0378622984367852 0.1376345070134663 0.15876458969050555 0.20571082143292188 0.29616998023005237 0.3413734440423807 0.36428312547799957 0.47713932257488817 0.5044162830328688 0.5572135996906209 0.853856575796299
291 3201 8.55985689456977e-06 0.8381237560930629 0.013908372784293563 0.013908372784293563 0.037820648190465274 0.13744042991545305 0.15623328316778212 0.2076880724672695 0.294590090271197 0.34639885460155384 0.35983215856390705 0.4662532689211243 0.4902002238930809 0.5586398111600117 0.8381237560930629
292 3212 8.244045257796997e-06 0.8213711315794151 0.013686041678819236 0.013686041678819236 0.03797145603808072 0.1374165372147535 0.1559989890293989 0.20674754593224212 0.2957489283791342 0.3499263668900679 0.3567755807197966 0.4633239004237227 0.4797472484195688 0.5506651423059824 0.8213711315794151
293 3223 7.785752890885925e-06 0.8050336620601848 0.013586555584837309 0.013586555584837309 0.0377288297240241 0.1373070713883129 0.15306479514501223 0.2013921871525358 0.29503018991292457 0.3448167377811691 0.3664265339193704 0.45345139243281 0.49101111601796865 0.5486426493141076 0.8050336620601848
294 3234 6.9055426260581256e-06 0.796342467719702 0.013428106401295964 0.013428106401295964 0.038331185768755376 0.1364804312748884 0.14786040054512026 0.20152416371710288 0.294170688139358 0.3369821895877139 0.3592335319141606 0.45567416503732383 0.49151201397799105 0.5421579448522325 0.796342467719702
295 3245 6.1688753491830995e-06 0.7968482616470615 0.01317981074652265 0.01317981074652265 0.03841204852696498 0.13494272167380286 0.14410002910319358 0.2010887797962539 0.29230989164780474 0.3354519808443313 0.3539119964379556 0.4455280504246153 0.4883745574822453 0.5404265511966514 0.7968482616470615
296 3256 5.66108390045507e-06 0.7728439897075234 0.013148642993611194 0.013148642993611194 0.038012179260886916 0.1325370080061657 0.14303708850642638 0.20088578205496418 0.2920574087839372 0.32973542466621936 0.3531405158648169 0.44453107176341994 0.48510862776436997 0.5248586516896491 0.7728439897075234
297 3267 5.288908273006077e-06 0.7674352882033081 0.01324310792915102 0.01324310792915102 0.03814659893961974 0.13165772476935234 0.14165503409287397 0.19998896653046835 0.2838470430917832 0.32677012245586345 0.3487052897078132 0.4428416243770309 0.47389310513235644 0.5227830882343978 0.7674352882033081
298 3278 5.224102357401239e-06 0.7622303637293908 0.012969293472158817 0.012969293472158817 0.038147614171540035 0.13003542353192596 0.1417659726242691 0.2005758220131636 0.27894073405277225 0.3262776109325607 0.35621007800271753 0.4365709357081766 0.46804745534183595 0.5156479072061243 0.7622303637293908
299 3289 5.20710435255407e-06 0.7526797450787585 0.01276654719997673 0.01276654719997673 0.037745792475189915 0.13083428024823046 0.14194387718124699 0.19919432775306947 0.2733515881709294 0.3264495355352315 0.36205653029426477 0.4355524368498455 0.46334779115801794 0.5196259527293465 0.7526797450787585
300 3300 4.956553308187451e-06 0.7753715662543015 0.012689556379760453 0.012689556379760453 0.037072982314903934 0.12848061098361957 0.14209541444093615 0.19833703633370783 0.2720874338380401 0.324655777816817 0.3695066215715771 0.4226044128020845 0.4567813952098541 0.5128668927508145 0.7753715662543015
301 3311 4.789548021651344e-06 0.77180067915501 0.012585762655143039 0.012585762655143039 0.0368153289219654 0.1316028714776759 0.14057647370701398 0.19494292009651626 0.2669152881318014 0.32335877996997064 0.3736061120444854 0.4230567320411413 0.4503666079999663 0.5047951754350507 0.77180067915501
302 3322 4.503270147660616e-06 0.768760316650066 0.012457248558259413 0.012457248558259413 0.0362599865853243 0.130162813859572 0.14018789273539678 0.19359942273795716 0.26155200299760123 0.3208887801989947 0.3733848432510434 0.4272211557847468 0.44162868185996035 0.5075597816193113 0.768760316650066
303 3333 4.273920551159007e-06 0.7535177554891427 0.01254892304154027 0.01254892304154027 0.0359792738469201 0.12885761020590222 0.1376794857148238 0.1950832454315586 0.2626376116975927 0.31003142917669224 0.3734229674778629 0.42096973640837815 0.4443976958217129 0.5117501029033581 0.7535177554891427
304 3344 4.062228845581066e-06 0.746035336366107 0.012622655266041343 0.012622655266041343 0.036200313132499995 0.12891526806732284 0.13785835709284555 0.19257378031477948 0.2597611834233786 0.3079200830287981 0.3721506940842353 0.418561952973352 0.4360717293671243 0.5070663886418694 0.746035336366107
305 3355 3.790244273744392e-06 0.7441912387327319 0.01262396002106652 0.01262396002106652 0.03624195688742033 0.12748860683249844 0.13678786261093956 0.1925244922935599 0.2539092422921884 0.30692812858506324 0.3576133247779718 0.4146893502426039 0.4426957592739636 0.4995337866161055 0.7441912387327319
306 3366 3.477042128056489e-06 0.7285729717995589 0.012603193819127492 0.012603193819127492 0.03619941203373141 0.1270131782116611 0.13441365636645272 0.19093855757882713 0.2515611329520661 0.3010909128098787 0.35869294163120524 0.4141314866375302 0.44511747005677693 0.4992572130653023 0.7285729717995589
307 3377 3.343278130955669e-06 0.714640694902057 0.012411960808368561 0.012411960808368561 0.0357879310230014 0.12484102044653177 0.13283377437206992 0.19122542503107925 0.2508344747877512 0.3008779873971811 0.35806314307158804 0.4076099720941821 0.4422676317450678 0.5009006206545178 0.714640694902057
308 3388 3.471570689101394e-06 0.7016975685829289 0.012388702921347796 0.012388702921347796 0.03524268046391514 0.1215065382813167 0.13457897967750182 0.19114941954745032 0.24154736711195074 0.3027448568925886 0.36013387804096136 0.4007110027648513 0.44289310115053765 0.5105555893904398 0.7016975685829289
309 3399 3.365930657689829e-06 0.7011240167866243 0.012225598365500578 0.012225598365500578 0.03564589609643491 0.1196069025775785 0.13515736380606963 0.19101954229317358 0.23763234036106037 0.30449266814941744 0.3443555177044058 0.40124716269256117 0.4329521234969064 0.5327294193024747 0.7011240167866243
310 3410 3.1771585650391712e-06 0.700064632297193 0.011924969454285667 0.011924969454285667 0.03531075382283242 0.11742839589490432 0.13584278687416124 0.193535895972126 0.24216707282892763 0.3067316932228336 0.338808909478203 0.3935642871962988 0.42829913441568784 0.5332417494331864 0.700064632297193
311 3421 3.105931257776611e-06 0.6891681207520599 0.011938073156051977 0.011938073156051977 0.035826691551242656 0.11700324113776343 0.13506433205522414 0.19422803735696995 0.23991193431195143 0.3047194018452587 0.330639129608727 0.39197465254426633 0.4298481314870827 0.5273037678493915 0.6891681207520599
312 3432 3.0800416188930083e-06 0.6839430069579815 0.012008034650815302 0.012008034650815302 0.03562149898328059 0.11825070200862564 0.13200565652170496 0.18763595025166924 0.23979974365344878 0.30659332473049355 0.32591791621792393 0.39155589170304245 0.42999338202168175 0.537452245561919 0.6839430069579815
313 3443 2.8144799233467478e-06 0.6799195778928047 0.011996269005091082 0.011996269005091082 0.035794187781365304 0.12013128250084527 0.13122607112529208 0.18776106377703303 0.23517225705538214 0.30094051052714305 0.31500633699983427 0.3905325310581292 0.4277629934452202 0.539662077838882 0.6799195778928047
314 3454 2.657175743771806e-06 0.6781250106741824 0.01168934164446708 0.01168934164446708 0.03585533682677007 0.12071551547754739 0.13121965693578727 0.18700986157032898 0.23414564868792667 0.2898160314307085 0.31626200261568077 0.39041744593903477 0.42230253204673396 0.5362745217860736 0.6781250106741824
315 3465 2.6548584123821373e-06 0.6757859316813288 0.011657248932080415 0.011657248932080415 0.035325221408979174 0.11890203260490066 0.13176004816510023 0.18788466602010803 0.23186063410877766 0.29540675837762903 0.31148164167069126 0.38918198529818343 0.4188088024786117 0.5133522952532066 0.6757859316813288
316 3476 2.3747254307776318e-06 0.6633945630053648 0.011693914379338819 0.011693914379338819 0.03548650409790427 0.11782475944242665 0.13138649731662072 0.1815989932901731 0.22915908956704978 0.2944806414326272 0.31473192745714557 0.388053320385823 0.41832383192055583 0.5202138946573971 0.6633945630053648
317 3487 2.301365810996825e-06 0.6531553055406764 0.011628080976870753 0.011628080976870753 0.03535510395601668 0.11917600934651554 0.12919114793000816 0.18091012478667928 0.22423822427573478 0.29681867678670065 0.3143342761742014 0.3862040821606192 0.40994631829011297 0.512510911453343 0.6531553055406764
318 3498 2.1856562064436744e-06 0.64471866579792 0.011614525396511428 0.011614525396511428 0.034745098677903416 0.11804706986836218 0.12837687689280877 0.17892227878080513 0.22678697204507173 0.2960854739646665 0.3184582427517548 0.37654503499588104 0.4163305342924296 0.5107149676427645 0.64471866579792
319 3509 2.0936180121747178e-06 0.64116772220404 0.011557813584516683 0.011557813584516683 0.0356851076103517 0.11760982535692897 0.12885206777199026 0.17526314059114262 0.22035095740161809 0.2961712680394289 0.3205886539995748 0.36961274429406815 0.4121614099197035 0.49919169484349074 0.64116772220404
320 3520 1.947122724002558e-06 0.6412965223572019 0.011544662926814041 0.011544662926814041 0.0351497329517603 0.11832063023973394 0.1287416430561644 0.176552652499855 0.21593941629910177 0.2909669422085063 0.3193977194967747 0.364308281128559 0.4067813799957716 0.49719574962970964 0.6412965223572019
321 3531 1.828143401835678e-06 0.642839882632308 0.0114917539020842 0.0114917539020842 0.03502533584869032 0.11725867680146904 0.1284099344105372 0.1745157637440176 0.21712922150028688 0.2909711252119796 0.32007476183898165 0.3520312996942071 0.3975264160433958 0.49734785885574545 0.642839882632308
322 3542 1.8770536173057429e-06 0.6401970027629421 0.011510306129736803 0.011510306129736803 0.034572801175549714 0.11747216856453964 0.12351465407733137 0.17313953694050715 0.20852620072809244 0.2943024143346838 0.31649401930330345 0.3489053533508343 0.41391723727212737 0.49486799114695645 0.6401970027629421
323 3553 1.8751477057559617e-06 0.6286479422003783 0.011362395095220357 0.011362395095220357 0.034002453742340795 0.11713634095401375 0.12379773397849254 0.1671200117821675 0.21026715871291346 0.29666043839581385 0.3156505990095755 0.3532693044497475 0.4260549233921237 0.49934655323270977 0.6286479422003783
324 3564 1.790688783682476e-06 0.6106410213480997 0.01130623426742436 0.01130623426742436 0.03367573212214189 0.11638037996429317 0.12268682408815593 0.16669265333471428 0.21213893694703098 0.2891812851285648 0.31702145545357424 0.3540011007390959 0.43048145231885704 0.5022118409305796 0.6106410213480997
325 3575 1.766973614932694e-06 0.606560522007979 0.011247266149566578 0.011247266149566578 0.0333095311988537 0.11352495751321857 0.12206186525876576 0.1663506923471535 0.21228216579994727 0.2885868010372473 0.31310504720677773 0.3566618247156527 0.43606564075379206 0.49297047487478196 0.606560522007979
326 3586 1.6379597855232808e-06 0.609179506213908 0.011258956474723214 0.011258956474723214 0.033468224696437246 0.11268373731223427 0.12273104610032207 0.16300188146478917 0.2109465140669428 0.2804926805888617 0.3092340758133918 0.3541340007317644 0.43959967677519596 0.49395039304900507 0.609179506213908
327 3597 1.5016630953080058e-06 0.6141631392443871 0.010959975791697921 0.010959975791697921 0.03322734021546638 0.11336806931689386 0.12408435608978455 0.15724757787153154 0.21026624293157975 0.2845686943299969 0.3075194316240422 0.35161099108893956 0.4379747176434381 0.48795121154363796 0.6141631392443871
328 3608 1.4059232422749956e-06 0.6037272549386927 0.010941777558468747 0.010941777558468747 0.03280196685391849 0.11344330240433875 0.12481765759981558 0.15391716515946244 0.2085078225619905 0.28677213441377486 0.3027246881168449 0.3506852504442296 0.4346815466606869 0.4897119128546255 0.6037272549386927
329 3619 1.3900630613938227e-06 0.6142499817698679 0.010936332020190597 0.010936332020190597 0.03251571046557665 0.1085872114235988 0.12431832766519507 0.1512578232325832 0.2086568461255862 0.28524562572622747 0.3053401381363274 0.35271176099834517 0.4328287353291152 0.487981628973023 0.6142499817698679
330 3630 1.3390954376665896e-06 0.6102118359252192 0.010769561670512266 0.010769561670512266 0.03248890123584233 0.10614129765358035 0.1222065510849907 0.15058889939318715 0.21074747538721947 0.28368029714877224 0.30096466456644866 0.3454404688617387 0.4377060560069812 0.48734328459878795 0.6102118359252192
