% # columns="iteration, evaluation, sigma, axis ratio, bestever, best, median, worst objective function value, interquartile range, further/more values", seed=165375, Fri Dec 13 11:53:12 2024, <python>{}</python>
1 11 0.23879852439684796 1.0000458343836967 54.06780457575262 5.4067804575752618e+01 104.10650702132602 168.3425692072219 29.41114019692158   
2 22 0.26169921504412247 1.1585497115466143 28.087563761090713 2.8087563761090713e+01 63.403933838464624 87.41113939631298 29.806721125478916   
3 33 0.28793810591045194 1.256131674881653 23.03898830393265 2.3038988303932651e+01 37.765299750406804 79.44067245307036 25.36944446434316   
4 44 0.338294630913672 1.3235561397930655 5.413869863632109 5.4138698636321090e+00 28.089113077177537 46.4190917370611 23.055562337207533   
5 55 0.38301883766469386 1.4180665127323002 3.5938824088349097 3.5938824088349097e+00 11.257044464225686 37.40470782392989 11.24523452915174   
6 66 0.404874146826447 1.4341455653853337 2.7937372575684436 2.7937372575684436e+00 6.462852638434064 41.368481596922656 20.408432411586865   
7 77 0.40941800501591946 1.402211526944816 1.3503755977323115 1.3503755977323115e+00 3.589809948546482 34.91746769442164 9.473221305218217   
8 88 0.3888930338467284 1.3370939321031179 0.5972870524995517 5.9728705249955172e-01 3.6693080228019377 43.216196771019064 9.969987022076483   
9 99 0.36713320074813505 1.3877545688141835 0.5972870524995517 1.6566282953177340e+00 3.8705377508330203 12.744995564563121 2.5227469888242515   
10 110 0.34544607615081335 1.4280387888021149 0.34069864430736385 3.4069864430736385e-01 1.9751080177557678 6.625520028387657 1.588647222428654   
11 121 0.36884182338073007 1.5226303444817262 0.34069864430736385 6.8665534253233396e-01 2.2766270413574516 13.689802948252659 2.4938211636853724   
12 132 0.36183600419517614 1.587006345045615 0.34069864430736385 1.3348359829783145e+00 3.944963447184672 16.246344086475307 2.360388557260269   
13 143 0.3529498048750064 1.6599529862605429 0.34069864430736385 4.0421381221226926e-01 4.063385742750855 14.990016189266525 5.648757124616221   
14 154 0.3276647357907034 1.7135068501406547 0.34069864430736385 5.0042962477060993e-01 2.078314940350311 18.536022405464653 5.721880673985456   
15 165 0.3279313901402564 1.7573154379976668 0.34069864430736385 5.8366815324570687e-01 1.0475342772073495 3.006630070078292 1.1862542665611684   
16 176 0.29601637465839375 1.8032430257230136 0.34069864430736385 6.8163791554304776e-01 2.7527371596206676 7.778989777830946 3.827263034446707   
17 187 0.2707121852947789 1.7976574861150814 0.28375176693993204 2.8375176693993204e-01 1.194633331186344 9.991878986514466 1.24356918430933   
18 198 0.2534801973584538 1.7679823694100811 0.28375176693993204 5.6295129237627717e-01 1.2211959513438078 5.4564052461208705 1.7688134267265996   
19 209 0.22636637467002607 1.8334073016889338 0.2558739921266529 2.5587399212665290e-01 1.1605865728480793 3.363209605447646 1.7109836108182892   
20 220 0.21830257885546336 1.8829799266187246 0.24056649900074226 2.4056649900074226e-01 1.7799777144975395 9.751598040490455 2.329917463587792   
21 231 0.2053468242838163 1.9938010597863276 0.21056494061323933 2.1056494061323933e-01 0.9072484138601542 4.156630711453409 0.6474848228892219   
22 242 0.18480932253704765 2.0393584305089614 0.21056494061323933 2.3074708238936198e-01 0.6553360455905629 2.4059754475486903 0.8694833258471935   
23 253 0.18199694786793955 2.1459604666508283 0.21056494061323933 2.8214718672356426e-01 0.5657193545699595 2.094012346923106 0.4610240615865425   
24 264 0.18990664277313396 2.1891722252106733 0.21056494061323933 2.5194613631888196e-01 0.89620818283337 4.499491432691335 0.9001501926685663   
25 275 0.19778654273837745 2.2521152842187893 0.21056494061323933 2.6493752860863479e-01 0.6143395750823585 3.07170286417758 0.36942258354877966   
26 286 0.21123243264215752 2.311882488289755 0.21056494061323933 2.7802639006638435e-01 0.7982310706635675 1.9097070689198858 1.0589302306423816   
27 297 0.22589961431852384 2.425399670929151 0.21056494061323933 3.0318511430894024e-01 0.6317918375793831 1.1944438655282246 0.5513020196528857   
28 308 0.22047254599682012 2.55075582534908 0.21056494061323933 4.1160239298406437e-01 2.2072480109820236 10.55013347758344 3.0275778060100316   
29 319 0.2126331039830696 2.678171935410635 0.21056494061323933 2.5825931702540250e-01 0.6487415916286453 3.607513014632343 1.6418758040489547   
30 330 0.21121621112100686 2.859124996800067 0.21056494061323933 2.3933860479584723e-01 0.8366484780185407 5.4681955758366625 0.5636157889124715   
31 341 0.1999130698002339 2.9818838010411506 0.21056494061323933 2.9512021017517537e-01 0.9809337597574933 2.720972097503178 1.3015393844720644   
32 352 0.1923502864320939 3.0386200281618367 0.21056494061323933 3.0207693198893892e-01 0.45774686449153507 3.733065128342701 0.9912102099642601   
33 363 0.18965037502883136 3.105779154546928 0.21056494061323933 2.6349052384668664e-01 0.7661515560181438 4.6649091241724445 1.2261087499431835   
34 374 0.19610430250190514 3.2258995003910127 0.16467294323883014 1.6467294323883014e-01 0.6012235222198596 2.8960461084431675 1.1415956425213314   
35 385 0.20731163910920664 3.2113803046875025 0.16467294323883014 1.6535958261166719e-01 0.9614488656294067 2.4567744780896903 1.1121794430960918   
36 396 0.2058938946653672 3.221737497530262 0.16467294323883014 3.0515838977209347e-01 0.47492614161354846 2.3286097255259226 0.23818125353413538   
37 407 0.20183061294174817 3.238420062258425 0.16467294323883014 2.5891534449827697e-01 1.0448192211479717 1.878624704634268 1.1143310711351062   
38 418 0.18983987199792715 3.306718689053789 0.16467294323883014 3.3160115056079781e-01 0.8456248791506767 1.9072204184973436 0.815916031627137   
39 429 0.17822083179742765 3.314262160956779 0.14967418064639101 1.4967418064639101e-01 1.0341244423735856 2.115520129570976 1.4990740347896028   
40 440 0.17820004769783743 3.5029222018837896 0.14967418064639101 2.9707052532406980e-01 0.7156045095999147 2.137793979164647 0.6902985710870805   
41 451 0.18017715642433452 3.631990509887156 0.14911768154292956 1.4911768154292956e-01 0.3521930802569514 1.3603909580019236 0.5617313759414229   
42 462 0.18502521403670324 3.7105702296916507 0.14911768154292956 2.7837739731389177e-01 0.6951279763227807 1.5996935498998246 0.22740293107770226   
43 473 0.19245974662111415 3.8203997692815 0.13810741035173185 1.3810741035173185e-01 0.3902264599846761 1.6664543876028772 0.7904209840499546   
44 484 0.1897748110234311 3.9088345256381647 0.13810741035173185 1.7213761511905526e-01 0.4359574162816354 1.574111796518067 0.33811936462375947   
45 495 0.19080192512610847 4.032963986378958 0.13810741035173185 2.0884199771732911e-01 0.5447689798787846 1.6868668088117553 0.36568447036493806   
46 506 0.1943207482216776 3.9468559875069973 0.13810741035173185 1.5199442692882134e-01 0.646327370605482 1.0234639849933305 0.5608764834978299   
47 517 0.18740473211510628 4.09726574006654 0.13810741035173185 1.7927608741928461e-01 0.5130903970901015 1.2865937978337898 0.49484641246069566   
48 528 0.19390878329405645 4.112223400964893 0.11817988791587995 1.1817988791587995e-01 0.31066078844691014 2.093470635237481 0.3772239744348397   
49 539 0.1994158549081761 4.247724516415649 0.11817988791587995 1.4884952194363121e-01 0.4967577084855094 3.405006776139269 1.1416945728504777   
50 550 0.20937458725879143 4.489152462692445 0.11817988791587995 2.5472064175593029e-01 0.43905464377777004 1.2080021591554142 0.3023620388559044   
51 561 0.22834035832519614 4.667818288862643 0.0922827289831834 9.2282728983183404e-02 0.41576672280145277 1.3622644041223306 0.48580044090282454   
52 572 0.2284650067216088 4.86799368280701 0.0922827289831834 2.1457190532118869e-01 0.6181027073283952 2.4971175101631475 0.4787418684669209   
53 583 0.21970937483194136 4.951500325056541 0.0922827289831834 2.3131299735647595e-01 0.5924197440103415 1.6277518575751448 0.42675839287057227   
54 594 0.20894708443921736 5.050139417549707 0.0922827289831834 1.8088378287646681e-01 0.6017839934280655 2.5840436165031537 0.6136493936403813   
55 605 0.1963440558124506 5.220780841656987 0.0922827289831834 9.9322428334911991e-02 0.3501560771680419 3.154268221341172 1.803240825972687   
56 616 0.1867849712440058 5.285794503685025 0.0922827289831834 2.1290182030003554e-01 0.4699682244142592 1.1941354440181364 0.25823432709527416   
57 627 0.16915821294415403 5.388752601386658 0.0922827289831834 1.2513138783782202e-01 0.31523262253269446 2.111436638757839 0.4626189884837745   
58 638 0.17204726577686572 5.401721745153028 0.0922827289831834 1.2688220352002441e-01 0.25898486075106436 1.2830876166877738 0.2961364638895251   
59 649 0.16586159617664986 5.5473052471932345 0.07917504670278758 7.9175046702787577e-02 0.3084314517225868 0.5539283162439693 0.3131976552920135   
60 660 0.15843428593312447 5.552884916223567 0.07917504670278758 1.5033438165285806e-01 0.37757318027047826 1.0462919610520445 0.4387530473726128   
61 671 0.15027852341416076 5.8962491886147665 0.07848344681250112 7.8483446812501120e-02 0.2599949832679516 0.7180729279824695 0.15795691728233519   
62 682 0.14510227711340623 6.086053937969437 0.07848344681250112 8.7887101322509070e-02 0.44682569503833036 1.1767373965663976 0.2371298262241357   
63 693 0.13528007775213235 6.19650966778586 0.07848344681250112 8.6429151183545078e-02 0.21940301721364808 0.5597211273771109 0.20385283103973084   
64 704 0.12839284290816944 6.049173420521216 0.07848344681250112 8.1811874755509384e-02 0.17627702425127456 0.4284747464836597 0.20067946779537255   
65 715 0.12543464244306898 6.180103187129869 0.07725939343502734 7.7259393435027343e-02 0.21594573324020283 0.9145165703891628 0.11106477110650084   
66 726 0.11649981246743159 6.155846474224834 0.07725939343502734 8.0163468163285387e-02 0.13171539402066396 0.7053127387138696 0.09559050266872916   
67 737 0.11729206928948423 6.34724588339251 0.07725939343502734 8.0996657796932187e-02 0.11492381266725964 0.1965838992334176 0.07239798538010402   
68 748 0.11625901156494511 6.490759324316641 0.07725939343502734 7.7297590800806906e-02 0.1419726460537823 0.3720942694169122 0.07618604252000125   
69 759 0.10376729534834318 6.695355797199717 0.07305333657022504 7.3053336570225044e-02 0.16377713185133586 0.3281641381615759 0.08478645103855054   
70 770 0.1012013222883031 7.078611654120554 0.07305333657022504 7.7009904019976372e-02 0.11279741796024219 0.32828827032158375 0.08840759867675713   
71 781 0.09823776474680669 7.198405189530475 0.07051133240092426 7.0511332400924262e-02 0.11116209267335392 0.13691620529821283 0.022299623503908378   
72 792 0.09752606760443604 7.128987126070656 0.07051133240092426 7.4140284496585482e-02 0.09519703914221563 0.1162871685430055 0.021133573463567867   
73 803 0.08723349660752489 7.072780324652691 0.06911809109716498 6.9118091097164977e-02 0.11106681237932191 0.28054250897179567 0.09464544900139896   
74 814 0.08386337876543043 7.127896125472764 0.05975666763625808 5.9756667636258080e-02 0.10795400262325586 0.17191457884526531 0.04154894406180114   
75 825 0.08119526080447688 7.1896495510203025 0.05975666763625808 6.1480972432950670e-02 0.09492051125520223 0.1642259851163211 0.042257020972050724   
76 836 0.08315571316560055 7.326515196516237 0.05302591666216446 5.3025916662164461e-02 0.09059144980000912 0.2138172769494939 0.07439649239222491   
77 847 0.07786120210052012 7.482727246521058 0.05099802161873775 5.0998021618737753e-02 0.08616862141977101 0.1541545987473844 0.03927487972112226   
78 858 0.07479020533301108 7.436770023409509 0.05099802161873775 5.9434519605766838e-02 0.06653681418613339 0.11555203516617736 0.011396011915565635   
79 869 0.07632087126343616 7.366404978486532 0.05099802161873775 5.8583378097319255e-02 0.0691443061826377 0.15613406864464843 0.016672075280502102   
80 880 0.07744247834508781 7.664626347751762 0.05099802161873775 5.8673596746810955e-02 0.06592441358477213 0.09680973473794727 0.011197086733594916   
81 891 0.07576623217175031 7.607683805896402 0.05099802161873775 5.6543288758283447e-02 0.10787097892246993 0.15098236818110747 0.05820687781563283   
82 902 0.0740224288792798 7.5434944852052865 0.049357911423506144 4.9357911423506144e-02 0.11425530015104655 0.20283762220910656 0.06881239033177401   
83 913 0.07400860964439528 7.8620454357746485 0.04898708204174007 4.8987082041740071e-02 0.07777807172601744 0.2240720896602846 0.06054147085379122   
84 924 0.07379623839065123 8.324869058202706 0.04542343130608832 4.5423431306088322e-02 0.06746062656943534 0.1305541850747363 0.02301304183198609   
85 935 0.07358612676170354 8.406035050253491 0.04542343130608832 4.8368136173483046e-02 0.06066737281859085 0.08088314396050325 0.0162339757378306   
86 946 0.0728524243121082 8.442522018298492 0.04542343130608832 4.7958489186344704e-02 0.062481527317453864 0.16049897523375484 0.04402710528986771   
87 957 0.0711556030515188 8.782415350319917 0.04542343130608832 5.5483775418793888e-02 0.07154611008092836 0.10247006408745854 0.011801465561407695   
88 968 0.06682493306590524 8.917868811971253 0.04212014334704539 4.2120143347045391e-02 0.05481361691883678 0.07357772635905241 0.01568461016922558   
89 979 0.0696302338122386 8.891099141530649 0.04212014334704539 4.3933487385644482e-02 0.06319400490355294 0.10335000290461498 0.041734540139100516   
90 990 0.07460373325798489 8.495258419076153 0.04212014334704539 4.4887301647129126e-02 0.06566602140328644 0.09309397254838045 0.03244154111275434   
91 1001 0.08222602032394327 8.419820110772873 0.03989818032020251 3.9898180320202509e-02 0.05567074591579864 0.08967547786973576 0.022404930417892203   
92 1012 0.08532734096700785 8.503697777878186 0.03989818032020251 4.1077250752261187e-02 0.05705330400578143 0.11029607712201557 0.034289887821944046   
93 1023 0.08182634972541505 8.621019970207486 0.030765678853129415 3.0765678853129415e-02 0.061480383395846036 0.08563601917836891 0.013597103944382849   
94 1034 0.08332263807625383 8.769218972922141 0.030765678853129415 4.0351719361233697e-02 0.04716682000685954 0.16792231391094886 0.03915891108754064   
95 1045 0.08530864080504066 8.939931359479626 0.030765678853129415 3.5473346037839380e-02 0.05568138657048819 0.10594296551898359 0.01805236884638868   
96 1056 0.08709909100159444 9.018392109756038 0.030713900950549346 3.0713900950549346e-02 0.05475499038925624 0.0727691013310761 0.014423713432837049   
97 1067 0.09259140371490243 9.250489071818468 0.030713900950549346 3.2963866938379195e-02 0.04353818903544669 0.0837170383683011 0.014592300661755993   
98 1078 0.09043223207092882 9.37703893933818 0.03058073655411157 3.0580736554111570e-02 0.055575271768431696 0.10649911157635086 0.04247030566127198   
99 1089 0.08741190513945678 9.777820679759245 0.025368112112029054 2.5368112112029054e-02 0.035244532599404334 0.08727562343942225 0.019008599126145213   
100 1100 0.08837812524384492 9.903652499233567 0.025368112112029054 2.9974363176237154e-02 0.04289009935041042 0.0539133050634451 0.019273349042710643   
101 1111 0.0853405606644271 10.619187198623214 0.025368112112029054 3.1369855432464261e-02 0.044820656699014576 0.08146425439940692 0.01929764906174458   
102 1122 0.08092535191153719 10.634168564749025 0.025368112112029054 2.9868325633086515e-02 0.04604023470871908 0.07325602681385784 0.021907681973858763   
103 1133 0.07651158044685705 10.907346917400952 0.025368112112029054 2.6787964681394025e-02 0.04006956193217484 0.10480695231442715 0.030965662110489366   
104 1144 0.06682125337014554 11.597625648631665 0.025368112112029054 3.1241024850690136e-02 0.04368303590343465 0.057063864518668427 0.014737602733870273   
105 1155 0.06045373624804902 11.958284115650903 0.024639881742544424 2.4639881742544424e-02 0.03641526704539121 0.049920713274995206 0.015302913360739797   
106 1166 0.05894799493899743 12.419035610674657 0.02122657468999626 2.1226574689996260e-02 0.035973234338271196 0.05519161734784754 0.013632568839100322   
107 1177 0.05851920190402073 12.646389225715758 0.02122657468999626 2.1871130554967321e-02 0.02859139595791473 0.0345907432256104 0.005085399572631696   
108 1188 0.0626879543389306 12.840170274573158 0.02122657468999626 2.1844213933250992e-02 0.027900695624701155 0.03807014181738837 0.00939462404037042   
109 1199 0.060688635630812775 12.844270760345017 0.02122657468999626 2.5028263766970926e-02 0.030475693130535157 0.036985375290814575 0.007669350929299098   
110 1210 0.05839936128868302 13.231305145313629 0.02122657468999626 2.4583334022421046e-02 0.030291485227113172 0.04814214005086089 0.008534118013345311   
111 1221 0.05769821879389652 13.513881193063774 0.02122657468999626 2.2461974485757822e-02 0.02857724691783463 0.03753446591084204 0.009103776564962428   
112 1232 0.05354885178859218 13.495522380628396 0.02122657468999626 2.1490702962067405e-02 0.02681798813870261 0.035823407384720014 0.0047695296585557045   
113 1243 0.05142967896021656 13.549890560212923 0.02122657468999626 2.2865295580903659e-02 0.02742419229268287 0.03734154905635359 0.006709196890714669   
114 1254 0.05102613483880714 13.942484100758273 0.02122657468999626 2.1238161955332069e-02 0.026926356069416978 0.032322153201479346 0.0054215220045373755   
115 1265 0.05337811013832632 14.32054927478828 0.02122657468999626 2.1770829392556243e-02 0.023720561788017586 0.038536461623459986 0.006558533445358065   
116 1276 0.0535863343615063 14.444705076735373 0.02122657468999626 2.3261202327251360e-02 0.025303580392301694 0.036534101301263534 0.0029934326334968495   
117 1287 0.05424067003783933 14.537943083640783 0.02122657468999626 2.2762201159267116e-02 0.02684878017015786 0.03195086446040615 0.004541803925870013   
118 1298 0.05427137738386384 14.976592618441831 0.01988860450229486 1.9888604502294859e-02 0.027337044934242674 0.03853647945177965 0.007939781283902686   
119 1309 0.052247001000328565 15.370212937175227 0.01988860450229486 2.1559566569677689e-02 0.02614650814949609 0.031666433861348514 0.004847137485719435   
120 1320 0.0525268070446542 15.945758620108204 0.01988860450229486 2.0252276513727283e-02 0.023174963422097915 0.030737263989845 0.0035880158681867273   
121 1331 0.05162328328187853 15.80109604921642 0.01775077484208885 1.7750774842088850e-02 0.022492805086359677 0.025355643345327725 0.0032399702836704916   
122 1342 0.04851009940334057 15.452458716741425 0.01775077484208885 1.7798069962169545e-02 0.02149425801029709 0.024779219971195157 0.003232128000613902   
123 1353 0.04755104585958902 15.088030296651194 0.01775077484208885 1.8180506652085419e-02 0.020275140679080105 0.024181368007680868 0.002392391043542382   
124 1364 0.0478767841915868 15.342259442892486 0.01667900615332581 1.6679006153325810e-02 0.020725594925065188 0.02946452142557066 0.003335517381455065   
125 1375 0.0477317718013529 16.346833138227435 0.01667900615332581 1.7023155538225539e-02 0.01952156766682229 0.02242337671239034 0.0027601332535486037   
126 1386 0.04511927325139167 16.342973606869958 0.01667900615332581 1.7942779286065212e-02 0.01945631494938264 0.024800732371727075 0.0022318841770346647   
127 1397 0.04253193811792231 16.823825714276275 0.01667900615332581 1.7566948731307850e-02 0.020466025359449604 0.025220988574883925 0.002415965076694039   
128 1408 0.040812162136501316 16.954290020624924 0.01667900615332581 1.6769540593768083e-02 0.017799228504164166 0.022300174494414952 0.0019706208345878704   
129 1419 0.03878090779856531 17.106791448684643 0.01627659461778123 1.6276594617781231e-02 0.018860726804317378 0.02012214966300171 0.0010162563450562961   
130 1430 0.0367389935736083 16.98952217428338 0.01627659461778123 1.6531500648035730e-02 0.019369103252104128 0.02099016233507016 0.001607935257972086   
131 1441 0.03359150598567994 17.03068185683001 0.01627659461778123 1.6609967005976150e-02 0.017887503683248797 0.020702131829722952 0.0010807178401863252   
132 1452 0.03237301746040874 17.22565751088868 0.016224982211158284 1.6224982211158284e-02 0.017650355988266586 0.018222553681005237 0.0007372931631295931   
133 1463 0.03350697762766489 18.01721785959488 0.015613862290833974 1.5613862290833974e-02 0.016737528244943203 0.017858144370344463 0.0008626977774490903   
134 1474 0.033590284078237505 18.454712555915016 0.015585772838853214 1.5585772838853214e-02 0.016363181576441444 0.019349174959169664 0.0015336019170680733   
135 1485 0.03336016120743292 18.491550748839753 0.015345123852755296 1.5345123852755296e-02 0.016414670775527978 0.01785329014120148 0.0012462259564332834   
136 1496 0.03204431305664169 18.85319403714728 0.015345123852755296 1.5831260388170596e-02 0.01626690018859821 0.018597501650386445 0.002020160611786736   
137 1507 0.0282789077275974 18.9788306622556 0.015345123852755296 1.5581545833696590e-02 0.016473530855503637 0.019046293312509798 0.0015612313647795917   
138 1518 0.026797694340099203 19.096837903194434 0.015345123852755296 1.5386418452848426e-02 0.015758434066764145 0.016423907141433162 0.0003375035563507149   
139 1529 0.025481050486056978 19.331370207755835 0.015293060109972128 1.5293060109972128e-02 0.015946280715472983 0.016885450266337206 0.0007888817605464088   
140 1540 0.02434967844002278 19.35471693411925 0.015293060109972128 1.5381536348842621e-02 0.015841239195609244 0.016236322502378376 0.00039597327793359366   
141 1551 0.022557724519416993 19.8595747049857 0.015264625382216922 1.5264625382216922e-02 0.01567265007480594 0.016467324770000666 0.0008206264907797967   
142 1562 0.021198815035759322 19.953305735539274 0.015223302885653323 1.5223302885653323e-02 0.015454583720823136 0.01614459344129387 0.0004584353372661873   
143 1573 0.019473679381403743 20.237137824237376 0.01514175589901651 1.5141755899016510e-02 0.015692774580179984 0.016140174939350552 0.0002444556102555971   
144 1584 0.017116968446221556 20.456829748829616 0.01514175589901651 1.5151545018764383e-02 0.015459557523909854 0.016070316711274624 0.0003593551184481805   
145 1595 0.016679009329220736 20.462092419832533 0.01509792265624101 1.5097922656241009e-02 0.015461065040572937 0.015874447017766545 0.00047137336543591826   
146 1606 0.017304861053517074 22.146356059071927 0.015081532642144903 1.5081532642144903e-02 0.015317805613157227 0.015859606019789873 0.000350022403486196   
147 1617 0.018700108041544067 22.48414012999271 0.014983027019868181 1.4983027019868181e-02 0.015239918617179197 0.01590733158441618 0.0003773122045972691   
148 1628 0.019321678130219268 24.109483769044985 0.014842917421152057 1.4842917421152057e-02 0.015082916772792231 0.01536581395692845 0.0002919978916760147   
149 1639 0.02059081927102268 24.521815306237677 0.014716649869440915 1.4716649869440915e-02 0.01503765597023154 0.015482354966675235 0.0003980137539473048   
150 1650 0.021870139503890808 25.675260023089507 0.014716649869440915 1.4717455771796201e-02 0.015073389439610835 0.015630814982513844 0.0003959389221994819   
151 1661 0.022147046169255287 25.91646407775414 0.014716649869440915 1.4723195398590062e-02 0.015068309575998917 0.01556114112527503 0.0002051358437437159   
152 1672 0.02154542085276806 25.78978003668328 0.01470419563207304 1.4704195632073040e-02 0.015118333923294657 0.015707638870431986 0.0003664898168281982   
153 1683 0.02030457022739283 25.061971843203487 0.014629194635462304 1.4629194635462304e-02 0.015099630931773973 0.01557539089443977 0.0003017238040929505   
154 1694 0.020476078932348582 25.15553069371022 0.014552719143426724 1.4552719143426724e-02 0.014754750075438429 0.015055013432623238 0.000249430559599197   
155 1705 0.020045346807727297 25.2499482565918 0.014552719143426724 1.4555548014072014e-02 0.01477623197304407 0.01514733119885083 0.00028659611603751474   
156 1716 0.01892842521528337 25.676436008302474 0.014552719143426724 1.4640651098962308e-02 0.014721200914099609 0.015111256311969228 0.0002467944246734473   
157 1727 0.018699715223356048 25.522232901147106 0.014552719143426724 1.4594008012402106e-02 0.014790777784623316 0.015459090945046026 0.0002051898417048826   
158 1738 0.018799714764404757 25.492563756442692 0.014552719143426724 1.4624211123371957e-02 0.01471012561206365 0.015160442438730319 0.0003541543656208207   
159 1749 0.018173804760921487 25.527969617806722 0.014453470694236628 1.4453470694236628e-02 0.01466169555605998 0.015151436385131735 0.0001377865020936314   
160 1760 0.017281654234371967 26.522295938727794 0.014453470694236628 1.4564458374494597e-02 0.014621786282913718 0.014810584067740745 0.0001476812494625411   
161 1771 0.01723327338124105 26.402993306541862 0.014453470694236628 1.4528651407272591e-02 0.014780207427206515 0.014899643725005237 0.00023886413018237886   
162 1782 0.01600110186316347 27.139804213426828 0.014453470694236628 1.4602598803787727e-02 0.014786143354341384 0.015125561662067317 0.00025754875560839337   
163 1793 0.015235460029346053 27.63287708344527 0.014451071087038074 1.4451071087038074e-02 0.014637858200862247 0.014787179062644606 8.973153677974133e-05   
164 1804 0.014050996547548322 28.373825518239425 0.014451071087038074 1.4455762258129942e-02 0.01464214899347398 0.014710679977608946 0.00012689604528506176   
165 1815 0.012813675458753173 28.989449483056546 0.014447839261723817 1.4447839261723817e-02 0.014536424852556245 0.014649967134919952 8.082983293287473e-05   
166 1826 0.011864962044751248 29.03186414443919 0.014426410117278498 1.4426410117278498e-02 0.014570152040978005 0.014702957614865337 0.00010893587384933762   
167 1837 0.011581346707749915 30.08084861868446 0.014426410117278498 1.4427201715967444e-02 0.014472568451038292 0.014671906444725128 6.662349903805917e-05   
168 1848 0.011661311693643088 30.217530671515 0.014393339183153308 1.4393339183153308e-02 0.014462184682955204 0.014566185706973916 8.193585316067752e-05   
169 1859 0.011501952100164307 30.021624883782984 0.014393339183153308 1.4424645691656138e-02 0.014479201676953208 0.014556366268182207 7.11880625122209e-05   
170 1870 0.01093959920597049 30.577547640607072 0.014393339183153308 1.4443523632945293e-02 0.014499068225470571 0.01470123475238553 0.0001295114798423487   
171 1881 0.010159635531400422 31.161217958054888 0.014393339183153308 1.4418232506772276e-02 0.01448540288719571 0.014546039073422902 7.364064118332153e-05   
172 1892 0.009595765026400983 30.870809149196393 0.01438981296790065 1.4389812967900650e-02 0.014433192125223591 0.014487146534770984 5.3530233324440915e-05   
173 1903 0.00878931280844183 31.289406024850877 0.014375175637424357 1.4375175637424357e-02 0.014455569329443148 0.01448602678578278 8.105954331313892e-05   
174 1914 0.00858420049383722 31.944983731547634 0.014375175637424357 1.4382017869751055e-02 0.014410954335618877 0.014424798070533318 1.6225724411558437e-05   
175 1925 0.007980887593799259 32.49267810648032 0.014375175637424357 1.4382508102105028e-02 0.014408362285990801 0.014489135546762266 6.898276547562254e-05   
176 1936 0.0075030845933792755 33.24143278018978 0.014372281657947095 1.4372281657947095e-02 0.014415698360317811 0.01443218490224021 3.114252664112617e-05   
177 1947 0.007581453882892581 33.7957014882395 0.014372281657947095 1.4373572957816112e-02 0.014398983990262664 0.014436141295864341 3.655004019443783e-05   
178 1958 0.0076775357162376275 35.08397806613708 0.014372281657947095 1.4376561937074012e-02 0.01439576532873638 0.014443467985224655 3.2995831447472576e-05   
179 1969 0.00796433196860866 36.514961723828414 0.014372281657947095 1.4374352207824801e-02 0.01439634675529194 0.01443473867400613 1.390670771139052e-05   
180 1980 0.007940460662000015 37.625361013562156 0.014372281657947095 1.4383269596042714e-02 0.014402049461781363 0.014451202676183604 1.6360984978714896e-05   
181 1991 0.007832600226399408 38.23886511144185 0.014372281657947095 1.4404014060570753e-02 0.014425110056181585 0.014451459741502146 2.5907263626881102e-05   
182 2002 0.007469825763801893 37.763485980902786 0.014372281657947095 1.4391549874337318e-02 0.014428048523140995 0.014502772457507378 3.3222986327690815e-05   
183 2013 0.007180711119188914 37.99864040159434 0.014372281657947095 1.4381655078793727e-02 0.014431084376090152 0.014480785178975952 3.929302114842777e-05   
184 2024 0.007166742658196431 37.904424431831444 0.014372281657947095 1.4379499745979881e-02 0.01441312467173986 0.014465648815507574 2.5681248564491527e-05   
185 2035 0.007172198706809378 37.341095346890334 0.014369561210481293 1.4369561210481293e-02 0.014396593999541457 0.014459886082568542 4.7143066311532145e-05   
186 2046 0.006649880316835786 37.48629577481441 0.014361227955879798 1.4361227955879798e-02 0.014371785841731658 0.014418187525631797 1.3353177525952942e-05   
187 2057 0.006473427069646072 37.16497244494477 0.014353826053747628 1.4353826053747628e-02 0.014373199461220534 0.014404868696255523 2.81514645985078e-05   
188 2068 0.0057624506980529615 38.24773168890352 0.014353826053747628 1.4357480546459644e-02 0.014378641140354875 0.014401195867759632 3.1221697958327965e-05   
189 2079 0.005356039227928219 38.220637610928556 0.014350055460171153 1.4350055460171153e-02 0.014363942491298748 0.014376690506506645 1.3488889066852125e-05   
190 2090 0.005080591203209833 38.937170509452784 0.014348887828762093 1.4348887828762093e-02 0.014362654938538031 0.01437934949217797 1.2083307635099225e-05   
191 2101 0.0048375413831751 38.172928609808274 0.014348887828762093 1.4349962511462699e-02 0.014358232243055102 0.014380564787545411 5.58468858806796e-06   
192 2112 0.004579879839177987 37.771995119421675 0.014348887828762093 1.4350878036699034e-02 0.01436404949595352 0.014382359109877643 1.2049151261550248e-05   
193 2123 0.004170148371731352 37.73078525484737 0.014347699502425254 1.4347699502425254e-02 0.014353828488490056 0.014366029393549359 7.606648962169005e-06   
194 2134 0.004033416144987057 37.741526077439595 0.01434759515008475 1.4347595150084750e-02 0.014354906119700743 0.014361416765239693 7.171360602879415e-06   
195 2145 0.003769906741925954 38.064420834009276 0.01434759515008475 1.4348472565344406e-02 0.014354540167115373 0.014365761754838415 5.550152708148209e-06   
196 2156 0.003278830116759646 37.62410097016718 0.014346198769871 1.4346198769871000e-02 0.014354342226594447 0.014369366754900418 7.600802350390956e-06   
197 2167 0.0028846291002239326 37.92877203155675 0.014346198769871 1.4346664719562403e-02 0.01434959288426681 0.014354768938976439 2.709525488080178e-06   
198 2178 0.002658837308218557 37.91915556097557 0.014346198769871 1.4347987538301040e-02 0.01434998212629125 0.014355809168944677 4.607887800630109e-06   
199 2189 0.0024464205467323234 38.11813125475131 0.014346198769871 1.4346854739219506e-02 0.014348652978433732 0.01435143420428367 2.1066901176071406e-06   
200 2200 0.002360472842166539 38.28269805831864 0.014346198769871 1.4347350931172176e-02 0.014348707023313945 0.014353516214825172 1.7254637573078935e-06   
201 2211 0.002355290100178227 38.63034765883379 0.014346198769871 1.4346639818020097e-02 0.014349097101718828 0.014352031331694737 2.2550772183164286e-06   
202 2222 0.002330430528015903 39.01114998780469 0.014346198769871 1.4346280666853050e-02 0.014347660093811339 0.014351324773477264 1.3915602632419422e-06   
203 2233 0.0022389896933369662 38.6534838074071 0.014346198769871 1.4346387333158234e-02 0.014347360683800717 0.014349659699082064 1.5510819756855976e-06   
204 2244 0.0020154683827492735 38.48511391489896 0.014345838375194915 1.4345838375194915e-02 0.014347063561142561 0.014350138915121767 1.5249125141537923e-06   
205 2255 0.0019163516770906298 38.79934583594199 0.014345838375194915 1.4346216751939922e-02 0.014346981552692659 0.014348288237561705 5.163120808948651e-07   
206 2266 0.0017934728538557688 38.49251950948276 0.014345608971567803 1.4345608971567803e-02 0.014346619864018117 0.014349730667852166 1.4869272484691748e-06   
207 2277 0.0016251927707194398 38.65085340038465 0.014345410016980363 1.4345410016980363e-02 0.01434626712279973 0.01434730962049365 7.145782458025524e-07   
208 2288 0.0014623210744740482 38.34096636326984 0.014345410016980363 1.4345433531389585e-02 0.014346148003328693 0.014347681625929615 6.172576504093197e-07   
209 2299 0.0013441159719180544 39.327537783671595 0.014345410016980363 1.4345683877150604e-02 0.01434599480781027 0.014346348049625451 4.7033937209707555e-07   
210 2310 0.0012624885202628586 40.76372991212919 0.014345282538122834 1.4345282538122834e-02 0.01434568448390352 0.014346804435588703 2.260190715003274e-07   
211 2321 0.0011695988916573547 40.46985750544968 0.014345282538122834 1.4345471295358452e-02 0.014345681141361704 0.014346273970560859 3.601024627410132e-07   
212 2332 0.0010577014433915692 40.65811898922832 0.01434512483876512 1.4345124838765121e-02 0.014345654273828261 0.01434610789964199 3.6004766858048487e-07   
213 2343 0.0009691203997917802 40.79605188184228 0.01434512483876512 1.4345187604690059e-02 0.014345338008681145 0.014345887397017809 2.2777167458035152e-07   
214 2354 0.0009530574863341291 40.64330547935448 0.01434512483876512 1.4345170107513792e-02 0.014345327997486036 0.014345932857898631 1.7738664496655399e-07   
215 2365 0.0008923075142782207 40.510869935471845 0.0143451011223721 1.4345101122372099e-02 0.014345238978067446 0.01434573604428593 1.644680522570885e-07   
216 2376 0.000814563969269391 40.90248207661667 0.0143451011223721 1.4345128522869500e-02 0.014345266874845147 0.014345636712418574 1.4462736740508686e-07   
217 2387 0.000730346980624895 41.53265912337864 0.0143451011223721 1.4345144771639073e-02 0.014345291916720126 0.014345489136374064 1.3896579038885637e-07   
218 2398 0.0007173482965762243 40.99401053839536 0.014345067474814628 1.4345067474814628e-02 0.0143451567121943 0.014345368899839442 1.2258086704887428e-07   
219 2409 0.000705834217442727 41.54197983190748 0.014345067474814628 1.4345079031945311e-02 0.014345174813049623 0.014345276421378022 1.0095792398433223e-07   
220 2420 0.0006693304567726786 42.280674048969445 0.014345001993683382 1.4345001993683382e-02 0.01434518289060196 0.014345327252387609 1.267951514772464e-07   
221 2431 0.0005931459924688075 43.9630376461509 0.014345001993683382 1.4345035606086460e-02 0.014345110993924886 0.014345209221058357 6.611228710665107e-08   
222 2442 0.0005360508012082245 43.099215480659836 0.014345001993683382 1.4345048149817213e-02 0.014345098428239585 0.01434515519256344 6.333926537774315e-08   
223 2453 0.0004902108824250405 43.008102376786866 0.014345001993683382 1.4345026654834425e-02 0.014345091909700297 0.014345196578769315 4.1052044198047755e-08   
224 2464 0.0004568518031072539 42.04067080796936 0.014345001993683382 1.4345011293893716e-02 0.014345086990290076 0.014345159981281542 5.863462519510587e-08   
225 2475 0.0004124023740312066 41.982895973029244 0.014345001993683382 1.4345006621560517e-02 0.014345038731867783 0.014345108398404353 6.751826661134663e-08   
226 2486 0.0003727612739624372 42.32834461637991 0.014344977590018423 1.4344977590018423e-02 0.014345015412603931 0.014345060817726595 2.9217419298191438e-08   
227 2497 0.0003563784491203065 42.163010242639956 0.014344977590018423 1.4344979871267484e-02 0.014345005326691779 0.01434507947723589 2.1077711178860148e-08   
228 2508 0.00033904327719358707 42.68112827498848 0.014344968001760595 1.4344968001760595e-02 0.01434500152487707 0.014345063844164318 4.5028503698266165e-08   
229 2519 0.0003061094067863519 42.89097548947022 0.014344962728717943 1.4344962728717943e-02 0.014344993022635866 0.014345023793845278 2.526719958262369e-08   
230 2530 0.0002835305473136045 42.34932357649369 0.014344958064880545 1.4344958064880545e-02 0.014344980896833396 0.014345030379405035 1.81577466378674e-08   
231 2541 0.0002695088351996082 42.9842703534024 0.014344954869796782 1.4344954869796782e-02 0.014344977472516921 0.014344995127446525 1.6507599944967644e-08   
232 2552 0.0002672061638762471 43.505405564181736 0.014344953155008474 1.4344953155008474e-02 0.014344964872706348 0.014344974583749419 9.970202406728301e-09   
233 2563 0.00026231720390488243 43.397040870402506 0.014344953155008474 1.4344955561047958e-02 0.014344966567298141 0.014344989211773535 1.2179563352657241e-08   
234 2574 0.0002485024102426949 43.778792580893025 0.014344953155008474 1.4344957268393259e-02 0.014344967851599506 0.014344996261070919 1.524483426822154e-08   
235 2585 0.00023521040263770515 43.85140647556531 0.01434495016263999 1.4344950162639990e-02 0.014344969099339695 0.014344995328226313 1.7321705864797865e-08   
236 2596 0.0002181095217212866 42.85623411120593 0.01434495016263999 1.4344954884125852e-02 0.014344966392401648 0.014344985421392844 1.3741249780402365e-08   
237 2607 0.00020816040831135986 44.6203111640196 0.01434495016263999 1.4344950749147834e-02 0.014344957467339874 0.01434497199363642 6.864442255935521e-09   
238 2618 0.00020690111581179896 44.93157050749398 0.01434495016263999 1.4344950206159217e-02 0.01434495478067355 0.014344976780030775 3.898544964284212e-09   
239 2629 0.00019855596398657592 45.310015860037396 0.01434495016263999 1.4344951726676606e-02 0.014344952964576104 0.014344973527920028 3.5053550999364358e-09   
240 2640 0.00019111475882835992 44.92116982782417 0.014344947343907014 1.4344947343907014e-02 0.014344953983782922 0.014344964217216934 6.317826109492053e-09   
241 2651 0.00018932870313354455 46.06062767037313 0.014344947343907014 1.4344952059303575e-02 0.014344957463341083 0.014344962933918352 5.685169585101235e-09   
242 2662 0.0001809092768760038 46.81685592883416 0.014344947343907014 1.4344951038463200e-02 0.01434495778436192 0.014344965039657206 9.03780252373143e-09   
243 2673 0.00016828592053916565 48.579814529119815 0.014344947055486541 1.4344947055486541e-02 0.014344954323823874 0.014344957141350211 1.9283062958896924e-09   
244 2684 0.00015923320078032027 48.94051767709199 0.014344947055486541 1.4344948781922192e-02 0.01434495496831626 0.014344960038079202 3.940849634467836e-09   
245 2695 0.00014581560039858695 51.48078867482072 0.014344947055486541 1.4344947298840144e-02 0.01434495230176124 0.014344958954382203 4.792471414508115e-09   
246 2706 0.00013820058551901784 51.05664881814928 0.014344947055486541 1.4344948407882864e-02 0.01434495365165599 0.014344958908067505 6.0889188985974174e-09   
247 2717 0.00013290176956161926 50.04775539264206 0.014344944923918896 1.4344944923918896e-02 0.014344951605859586 0.014344953180697945 3.4514481238312467e-09   
248 2728 0.00012728689178962058 50.63693556919401 0.014344944923918896 1.4344944954451591e-02 0.01434494778336754 0.014344949712514583 2.2683239852411274e-09   
249 2739 0.00012046476490394506 50.9986232490026 0.014344944923918896 1.4344946549699499e-02 0.01434494848801478 0.014344951847489833 1.48918139278309e-09   
250 2750 0.00011397434418495489 51.356083373644104 0.014344944923918896 1.4344945719423479e-02 0.014344947972512647 0.014344951479481999 2.9005611749260973e-09   
251 2761 0.0001046225633426411 50.628823249017316 0.014344944723523557 1.4344944723523557e-02 0.014344946846221864 0.014344948041405662 1.5225225611509297e-09   
252 2772 0.00010051583709066882 51.92821541422002 0.014344944723523557 1.4344944899396393e-02 0.014344946040944538 0.01434494769709896 1.4869785472382269e-09   
253 2783 8.81895258039419e-05 52.40166680139119 0.014344944723523557 1.4344944784780584e-02 0.014344946191670743 0.014344947155828573 1.1377393523831492e-09   
254 2794 8.130596160813544e-05 53.31313622805936 0.01434494445929078 1.4344944459290781e-02 0.014344945191879656 0.01434494676745181 8.623380481909138e-10   
255 2805 7.716135732336903e-05 53.06274983902315 0.014344944140949238 1.4344944140949238e-02 0.01434494499625174 0.014344946348688041 3.838140603951157e-10   
256 2816 6.934952562359741e-05 53.653541647507794 0.014344944140949238 1.4344944150451353e-02 0.014344944871272414 0.01434494548228879 5.993024410066994e-10   
257 2827 6.301960770497503e-05 56.182726363278455 0.014344943917802135 1.4344943917802135e-02 0.01434494434890287 0.014344945647639006 7.362697604373913e-10   
258 2838 5.536070959240011e-05 56.96082679562713 0.014344943917802135 1.4344943995010150e-02 0.014344944161465955 0.014344945250533666 1.9743793232274154e-10   
259 2849 5.282214871291443e-05 56.113701824781266 0.014344943874857408 1.4344943874857408e-02 0.014344944143643634 0.014344944777125463 2.570249083011511e-10   
260 2860 5.078735674476967e-05 57.467915380312135 0.014344943657712024 1.4344943657712024e-02 0.01434494406359783 0.014344944859413239 4.128760666688436e-10   
261 2871 5.013858524498713e-05 57.97161251704264 0.014344943657712024 1.4344943774917237e-02 0.01434494431484646 0.0143449445220679 4.4139013451183207e-10   
262 2882 4.8418676491501214e-05 58.959579160169284 0.014344943657712024 1.4344943792748067e-02 0.014344943892321466 0.01434494418256371 2.372945086953626e-10   
263 2893 4.727084988760006e-05 58.1471342079433 0.014344943657712024 1.4344943785704344e-02 0.01434494397915077 0.014344944168773723 1.8098705173441587e-10   
264 2904 4.6145895884272115e-05 57.88224315242167 0.014344943657712024 1.4344943763259331e-02 0.014344944099437549 0.014344944862760053 3.2649160458531057e-10   
265 2915 4.488078861411921e-05 57.70045868104157 0.014344943657712024 1.4344943882719476e-02 0.014344943970066108 0.01434494431283894 2.479054843351758e-10   
266 2926 4.226325540645133e-05 56.803671787056345 0.014344943657712024 1.4344943885097177e-02 0.014344944108127427 0.014344944362902606 2.4578325312496485e-10   
267 2937 3.9980570981328956e-05 58.500608202128966 0.014344943657712024 1.4344943845190103e-02 0.014344943999943259 0.014344944401653374 3.3777488098185593e-10   
268 2948 3.830239586641525e-05 60.67686754796018 0.014344943657712024 1.4344943688611769e-02 0.014344943933316319 0.014344944196080421 2.358467848101453e-10   
269 2959 3.749549620167066e-05 59.04995655862051 0.014344943657712024 1.4344943725175393e-02 0.014344943908192107 0.014344944068391072 2.1269719666094922e-10   
270 2970 3.5440705833004714e-05 59.30089652882513 0.014344943640815443 1.4344943640815443e-02 0.014344943885419303 0.014344944181634373 1.8077224960000304e-10   
271 2981 3.243174261279046e-05 59.476050425586116 0.014344943640815443 1.4344943648409049e-02 0.01434494375366726 0.014344943876923871 1.4120324527688854e-10   
272 2992 3.185048485288796e-05 57.27275430458679 0.014344943640815443 1.4344943646150493e-02 0.014344943703987301 0.014344943854313794 1.1463908121400745e-10   
273 3003 2.9396737424607385e-05 56.445172598168675 0.01434494362606783 1.4344943626067830e-02 0.014344943726410764 0.014344943853096724 1.5380742512949297e-10   
274 3014 2.628952255770586e-05 57.23584823203534 0.01434494362606783 1.4344943633752145e-02 0.014344943708483876 0.014344943866557226 9.045695442688739e-11   
275 3025 2.38539056260379e-05 57.41602461700526 0.014344943580429068 1.4344943580429068e-02 0.014344943662971956 0.014344943838275587 1.5113906133568111e-10   
276 3036 2.4081777259452156e-05 56.9690147720048 0.014344943572131485 1.4344943572131485e-02 0.014344943643028548 0.014344943694538113 8.028459494435758e-11   
277 3047 2.3314577444960135e-05 60.57524933232364 0.014344943557200306 1.4344943557200306e-02 0.014344943624195548 0.014344943669809282 3.331914258386526e-11   
278 3058 2.1709740941789167e-05 60.40202761677306 0.014344943537298602 1.4344943537298602e-02 0.014344943602973002 0.014344943680976953 6.201994820487222e-11   
279 3069 1.9719670675854607e-05 60.66010542358571 0.014344943525847243 1.4344943525847243e-02 0.014344943542577652 0.014344943634676139 4.4551144023907696e-11   
280 3080 1.9011555280141412e-05 62.12836896527506 0.014344943525847243 1.4344943533695019e-02 0.014344943579231502 0.01434494362968643 5.310200022756728e-11   
281 3091 1.715909069098539e-05 62.78268029933578 0.014344943523402837 1.4344943523402837e-02 0.014344943547451186 0.014344943603994745 2.68677718961996e-11   
282 3102 1.541829186072119e-05 63.01240532862266 0.014344943520791844 1.4344943520791844e-02 0.014344943543749693 0.014344943614712136 3.0058761035789416e-11   
283 3113 1.490314832664561e-05 62.85439974898655 0.014344943520791844 1.4344943528826115e-02 0.014344943549451948 0.014344943597038418 3.4915742172514364e-11   
284 3124 1.3613825360232265e-05 63.310309813576815 0.014344943520791844 1.4344943523175814e-02 0.014344943531521616 0.014344943544290433 1.2540614380274206e-11   
285 3135 1.2318956524786708e-05 64.40069230174986 0.014344943516710378 1.4344943516710378e-02 0.014344943545851814 0.01434494357086042 1.5532936048501256e-11   
286 3146 1.1863444510162888e-05 62.66619554677304 0.014344943515111761 1.4344943515111761e-02 0.01434494352013514 0.014344943541553943 1.884317354927667e-11   
287 3157 1.0426358834225876e-05 63.012222506287344 0.014344943510571232 1.4344943510571232e-02 0.014344943519702428 0.014344943541475785 5.765251123723836e-12   
288 3168 9.819068889428516e-06 63.654694758179716 0.01434494351004426 1.4344943510044259e-02 0.014344943516529056 0.01434494352255131 7.212402550194064e-12   
289 3179 9.713718410338005e-06 62.77092259828349 0.014344943504877392 1.4344943504877392e-02 0.014344943512282982 0.01434494353111343 1.181707856567904e-11   
290 3190 9.179031826088492e-06 61.507603077254586 0.014344943501443006 1.4344943501443006e-02 0.014344943513494838 0.014344943523676278 9.770894163207977e-12   
291 3201 8.55985689456977e-06 60.260374746321055 0.014344943501443006 1.4344943502927893e-02 0.014344943513240458 0.014344943515021554 3.521755803648219e-12   
292 3212 8.244045257796997e-06 60.01524406071215 0.014344943500904794 1.4344943500904794e-02 0.014344943506894628 0.014344943512229565 4.04686874289073e-12   
293 3223 7.785752890885925e-06 59.25222599895797 0.014344943500904794 1.4344943502336798e-02 0.01434494350639809 0.014344943510636306 4.540560635812874e-12   
294 3234 6.9055426260581256e-06 59.30415234443227 0.014344943500904794 1.4344943502393627e-02 0.01434494350395402 0.014344943510146153 2.871905838142119e-12   
295 3245 6.1688753491830995e-06 60.459765088607305 0.014344943500772006 1.4344943500772006e-02 0.014344943504783369 0.014344943506023715 2.912226015894248e-12   
296 3256 5.66108390045507e-06 58.777471567449304 0.014344943500772006 1.4344943501516327e-02 0.014344943503617773 0.014344943510910924 3.4128897624663423e-12   
297 3267 5.288908273006077e-06 57.94978733911944 0.014344943499544818 1.4344943499544818e-02 0.014344943503010792 0.014344943505792919 2.8393502826684625e-12   
298 3278 5.224102357401239e-06 58.77192657916723 0.014344943499544818 1.4344943500730066e-02 0.01434494350202265 0.014344943508489815 3.721046040738862e-12   
299 3289 5.20710435255407e-06 58.957189699665264 0.014344943499544818 1.4344943500936612e-02 0.014344943502656604 0.01434494350644388 2.362325612903504e-12   
300 3300 4.956553308187451e-06 61.10312630715767 0.014344943499544818 1.4344943499872509e-02 0.01434494350319155 0.014344943509836667 2.1178701153923285e-12   
301 3311 4.789548021651344e-06 61.323314311796736 0.014344943499544818 1.4344943499822231e-02 0.014344943502380006 0.014344943505534648 2.0093406105647915e-12   
302 3322 4.503270147660616e-06 61.71188710370252 0.014344943499539091 1.4344943499539091e-02 0.014344943501537777 0.01434494350386087 2.089266259996947e-12   
303 3333 4.273920551159007e-06 60.04640820529369 0.014344943499048054 1.4344943499048054e-02 0.01434494350077971 0.014344943502309268 1.0988640553044604e-12   
304 3344 4.062228845581066e-06 59.10288450744286 0.014344943498452363 1.4344943498452363e-02 0.014344943500616412 0.01434494350356254 1.4412707138866665e-12   
305 3355 3.790244273744392e-06 58.95069672993623 0.014344943498452363 1.4344943498856769e-02 0.014344943500465623 0.014344943500912791 1.0699861135998745e-12   
306 3366 3.477042128056489e-06 57.80859853903266 0.014344943498452363 1.4344943498810879e-02 0.01434494350025364 0.01434494350221083 1.773471994259701e-12   
307 3377 3.343278130955669e-06 57.57677662180678 0.014344943498452363 1.4344943498608025e-02 0.014344943499281903 0.01434494350156662 9.750100032901443e-13   
308 3388 3.471570689101394e-06 56.64011584084297 0.01434494349829009 1.4344943498290090e-02 0.014344943499217304 0.014344943500249667 1.1026492219290418e-12   
309 3399 3.365930657689829e-06 57.34885081495287 0.01434494349829009 1.4344943498570413e-02 0.014344943499215303 0.01434494350018027 1.2025380691227383e-12   
310 3410 3.1771585650391712e-06 58.70577991674432 0.01434494349829009 1.4344943498307667e-02 0.014344943499119323 0.014344943500324479 7.630961834648176e-13   
311 3421 3.105931257776611e-06 57.72858917376359 0.01434494349829009 1.4344943498392758e-02 0.014344943499053664 0.014344943500141554 7.254041117787935e-13   
312 3432 3.0800416188930083e-06 56.95711470249166 0.01434494349829009 1.4344943498543270e-02 0.014344943498809487 0.014344943500651222 4.221605703902398e-13   
313 3443 2.8144799233467478e-06 56.67758680671919 0.014344943498144304 1.4344943498144304e-02 0.014344943498998536 0.01434494350031632 9.85133849495945e-13   
314 3454 2.657175743771806e-06 58.01225007356677 0.014344943497845477 1.4344943497845477e-02 0.014344943498178211 0.014344943499023072 4.4348032190999476e-13   
315 3465 2.6548584123821373e-06 57.97130486092523 0.014344943497845477 1.4344943497904473e-02 0.014344943498206185 0.014344943499504178 5.732081476139683e-13   
316 3476 2.3747254307776318e-06 56.729897405223994 0.014344943497845477 1.4344943498023944e-02 0.014344943498348646 0.014344943498885047 3.0669390638227156e-13   
317 3487 2.301365810996825e-06 56.170515740289225 0.014344943497845477 1.4344943497903577e-02 0.014344943498094627 0.014344943498599955 2.1840515507243197e-13   
318 3498 2.1856562064436744e-06 55.509686688667415 0.014344943497797214 1.4344943497797214e-02 0.014344943498083261 0.014344943499244913 7.182084788004417e-13   
319 3509 2.0936180121747178e-06 55.474828133841356 0.014344943497797214 1.4344943497858970e-02 0.014344943497975127 0.014344943498365436 3.175220503193188e-13   
320 3520 1.947122724002558e-06 55.54917682938183 0.014344943497797214 1.4344943497799483e-02 0.014344943498091779 0.014344943498281377 1.7461553036834943e-13   
321 3531 1.828143401835678e-06 55.939231566359894 0.01434494349771279 1.4344943497712790e-02 0.014344943497977925 0.014344943498343274 3.3424131518078326e-13   
322 3542 1.8770536173057429e-06 55.619459252173776 0.014344943497708288 1.4344943497708288e-02 0.01434494349790951 0.01434494349818714 2.5763592648164746e-13   
323 3553 1.8751477057559617e-06 55.32706237832039 0.014344943497708288 1.4344943497724834e-02 0.014344943498055852 0.014344943498318795 1.6958830173496864e-13   
324 3564 1.790688783682476e-06 54.00923127052877 0.014344943497708288 1.4344943497768166e-02 0.014344943497977186 0.014344943498276704 1.0060181854232297e-13   
325 3575 1.766973614932694e-06 53.92959621848669 0.014344943497708288 1.4344943497731260e-02 0.014344943497831298 0.014344943498003217 1.7937734630990576e-13   
326 3586 1.6379597855232808e-06 54.10621380245489 0.014344943497708288 1.4344943497805298e-02 0.014344943497995229 0.014344943498128407 1.715589476036783e-13   
327 3597 1.5016630953080058e-06 56.036906551345666 0.014344943497670605 1.4344943497670605e-02 0.014344943497927731 0.014344943498215544 1.5399834185636507e-13   
328 3608 1.4059232422749956e-06 55.17634147766222 0.014344943497670605 1.4344943497671851e-02 0.014344943497825353 0.014344943497958925 1.4298111306043637e-13   
329 3619 1.3900630613938227e-06 56.16599611605087 0.014344943497649464 1.4344943497649464e-02 0.014344943497728217 0.014344943498026083 6.064072854972125e-14   
330 3630 1.3390954376665896e-06 56.66078663127186 0.014344943497649464 1.4344943497669953e-02 0.014344943497774295 0.014344943497897163 1.1643290498408732e-13   
