% # columns="iteration, evaluation, sigma, void, void,  stds==sigma*sigma_vec.scaling*sqrt(diag(C))", seed=165375, Fri Dec 13 11:53:12 2024, <python>{}</python>
1 11 0.23879852439684796 0 0 0.2369202683065484 0.23183501216384286 0.2377643613838997 0.23799863970453566 0.24522370947498398 0.23969619305623807 0.23784618878429892 0.2298955270822406 0.23615592776993852 0.23782141801866455 0.24515198012897454 0.23623482062413448
2 22 0.26169921504412247 0 0 0.25860975106025275 0.2540231729629317 0.262057620567722 0.2636878669249134 0.27349476815534385 0.2610910985758555 0.2655969285923231 0.24708140870761072 0.2556868449293589 0.25869412884748794 0.27038843053039974 0.2605354122361359
3 33 0.28793810591045194 0 0 0.28111040082319266 0.2810750093934784 0.2878361466055506 0.2849389832363166 0.309389345707097 0.28810612835679555 0.29166004325667544 0.2715646858731433 0.27902154094373377 0.2825926557678018 0.30055083468964133 0.28423184602112894
4 44 0.338294630913672 0 0 0.3191156281035393 0.32834270578037306 0.3425451701108866 0.33493223499717545 0.3741925862600982 0.32999396418889804 0.34776562881336137 0.3215447855306921 0.3299840467687173 0.3335603537968827 0.3602029097058103 0.3353648636360409
5 55 0.38301883766469386 0 0 0.3605304918804583 0.3748569654225103 0.3841984742975819 0.3761045496530845 0.42373235822104627 0.3729094113342518 0.39399129279523504 0.3649693561539122 0.37271594271300534 0.36809718771854555 0.4107457015687976 0.3780026959772109
6 66 0.404874146826447 0 0 0.38256014138179867 0.3956425882382366 0.40269101691001175 0.3937269566869976 0.44286977716143594 0.3908768776395615 0.405843373487784 0.3738881775116009 0.39700941190695804 0.38722747811267116 0.4301895143150705 0.3978729162669875
7 77 0.40941800501591946 0 0 0.3841793073001864 0.403002115007054 0.38820721149493437 0.4110127923593208 0.4313166715179092 0.38956030354035054 0.41677139683040615 0.37931012603597075 0.40086326294542296 0.3914766632434958 0.43619282766558815 0.40108371041051816
8 88 0.3888930338467284 0 0 0.3554629738108237 0.38458052643851376 0.37349842799611377 0.38813280679301987 0.40836908926695775 0.36706895665620093 0.3854627299114158 0.359472480028898 0.37866847532713693 0.3829306114780044 0.4151656321184051 0.38045373292954204
9 99 0.36713320074813505 0 0 0.33719500905107125 0.36508708594295236 0.3534859039139294 0.3689672267475727 0.3838309876578583 0.3355858337692172 0.364412660472882 0.3367538528828288 0.35233936631991203 0.35937602482736647 0.3874320451453621 0.3564327980748205
10 110 0.34544607615081335 0 0 0.315975560319853 0.34282801455404166 0.32878662067294584 0.34393117613239177 0.35902599601882346 0.3132518717552727 0.34495291239638054 0.3190103840335369 0.33282574843908913 0.3361988148994991 0.3658699185440912 0.33352470872799983
11 121 0.36884182338073007 0 0 0.3369193636995309 0.362761143392439 0.3505808562244403 0.3745954050558124 0.38273364044245267 0.3342759304596171 0.3671572543159464 0.36088162495012643 0.36030473051184114 0.35396258797842484 0.38932898447067427 0.352907742566592
12 132 0.36183600419517614 0 0 0.33003111664353973 0.3528606542358194 0.3358800467710416 0.3682059551148849 0.3701461006991277 0.32712004056948 0.369795617179953 0.35235392143331845 0.3503086273305715 0.35066719678206315 0.3856933226915891 0.3508649642295436
13 143 0.3529498048750064 0 0 0.321184531693478 0.34636759165061426 0.330857637832095 0.35903424247175264 0.36294668006128356 0.3164345079328929 0.36014924511483276 0.33987514804859575 0.34695246821159526 0.33885725241134845 0.3681013508405599 0.3437823198287628
14 154 0.3276647357907034 0 0 0.2960296957064369 0.31947338543666304 0.29903863013033505 0.331193380241144 0.33238142004359555 0.28681222839685117 0.3348067400599151 0.31144695672384143 0.31994013394908816 0.31538023390396136 0.34163782484940286 0.32010163225415256
15 165 0.3279313901402564 0 0 0.2959917913231458 0.31967109169172286 0.30961242876374817 0.33049602172840464 0.3307882555195993 0.2820707642042427 0.3324750383259238 0.31198670819309615 0.31397133888217843 0.31755140735682247 0.33834216572177955 0.3134529285628643
16 176 0.29601637465839375 0 0 0.2633640670413291 0.2811345456976713 0.27849322473487587 0.2964561860787937 0.2936988698857406 0.2521157750981577 0.29774684863094814 0.2791507091369931 0.282990760570755 0.2840662361406527 0.30448969251409985 0.2781060453291468
17 187 0.2707121852947789 0 0 0.2413338182838334 0.2561929755707645 0.2543269395861145 0.264371576824256 0.25967432760190445 0.2322377195012399 0.27112768792415654 0.2560163256606048 0.2591790264296504 0.25920088062163316 0.2767804160127595 0.2504900355343413
18 198 0.2534801973584538 0 0 0.22139749783874385 0.2328667091709205 0.23480588558851215 0.24182375598399766 0.24757398201142425 0.2169351843114232 0.2558257335985558 0.2399454994139721 0.24249520313152254 0.24826020919506367 0.26170930076004345 0.237541829143579
19 209 0.22636637467002607 0 0 0.19588782360174772 0.20138077771298274 0.20826573677552354 0.21687244832598612 0.21925605647854407 0.193645838718527 0.22400418650497073 0.21847001028561905 0.21924704406872933 0.2199513146110028 0.2328242966023061 0.21251916172292853
20 220 0.21830257885546336 0 0 0.1881217905691079 0.19618880770968722 0.19979057593941835 0.2056118210260457 0.2132612672833598 0.1859368114193141 0.21771385811498095 0.21695472374007843 0.20734055972424653 0.21085984372112584 0.22299403265715204 0.2002634484929335
21 231 0.2053468242838163 0 0 0.17639407191162132 0.17618477047507933 0.18558694138190956 0.19789945362868872 0.19971535943592925 0.17570679921534701 0.20455470088518088 0.20412193220385796 0.19505726062869633 0.1972268174001262 0.2062726292754568 0.1844549858339571
22 242 0.18480932253704765 0 0 0.15671571853241842 0.1588934629037953 0.16589335994249269 0.18203944739107697 0.17732918692189845 0.154667364422846 0.1854651619668969 0.18449427951330882 0.1732342007824906 0.1774500427769634 0.18275620635976364 0.16402906425017066
23 253 0.18199694786793955 0 0 0.153838590098756 0.15747558291637997 0.16287163797238077 0.1792048987323053 0.1713768241284431 0.15134763913932586 0.18183314983294274 0.18455677386948308 0.17110627752765534 0.17405395565727183 0.18048195018615207 0.16055097768766116
24 264 0.18990664277313396 0 0 0.16020944556602235 0.16436778742016073 0.16992484756956386 0.18890268937984248 0.18237830908116215 0.15692662759747386 0.18876611209490524 0.18809984616315611 0.18022298005243623 0.1832951178648167 0.19807029293638445 0.16711102918009008
25 275 0.19778654273837745 0 0 0.1635160247027424 0.17112857784426708 0.17665983019296896 0.19370243415395572 0.19095830481180967 0.16092245874401154 0.19629257868364594 0.19545665908305368 0.18806953945815236 0.18944752772916304 0.21546777112185647 0.17160486934347147
26 286 0.21123243264215752 0 0 0.17181207679869223 0.18638676774970953 0.18989324451130765 0.20916789619155765 0.2034600825334313 0.17202222481547796 0.20876066397913196 0.20516382336666739 0.19970417615590477 0.1981784634155251 0.24680612642393643 0.1831876986105082
27 297 0.22589961431852384 0 0 0.18301147703853113 0.19908277798874782 0.204478232856609 0.2303063026028952 0.2168952847964582 0.18366847017436586 0.22018908581311858 0.22235210316702925 0.21346340014098245 0.21106761408579153 0.2689410160653023 0.19239250486237452
28 308 0.22047254599682012 0 0 0.17680856021641644 0.1921245977568094 0.19733696097586753 0.22271050136014792 0.20904961018403992 0.18244854581216718 0.21711349739236607 0.21701481342426487 0.20838543164411144 0.2053299967994593 0.26318686822619486 0.1878533019822802
29 319 0.2126331039830696 0 0 0.16865911211875553 0.18409422631665234 0.19229169634612853 0.21615503581240667 0.19735655870651372 0.1793194507101213 0.20859269953279408 0.2106543876038752 0.20368516387983812 0.19857323965832396 0.2586968101776625 0.17769319135947467
30 330 0.21121621112100686 0 0 0.16739283121518972 0.1826044308661356 0.18764562801646306 0.21575315457247277 0.1951634739950788 0.17929980599020576 0.20134251154557614 0.2125194791109205 0.20026283889074797 0.19739318644711756 0.26173980031720945 0.17521398169982091
31 341 0.1999130698002339 0 0 0.15540260922220264 0.17395552122957347 0.1760165726668018 0.20277417588979352 0.1846360095245173 0.17077100105203108 0.1891705360582195 0.19457596263606683 0.1858390794657601 0.1853122575068123 0.24876857140782876 0.1654726645652627
32 352 0.1923502864320939 0 0 0.15076290968441936 0.16726354889488346 0.1704870074617812 0.19538360569411203 0.17185837626158917 0.16552765049074725 0.18345461050475906 0.18412605949786354 0.17721637327295583 0.1802207064881054 0.2396851312221031 0.1574189669499146
33 363 0.18965037502883136 0 0 0.14952621300624305 0.16441140486870806 0.1673737906570091 0.1920302138014484 0.16827116479796858 0.16495147932341456 0.1802046185066902 0.1824803418454759 0.18504010413074082 0.1750259000000773 0.2369705555791631 0.15483302264963378
34 374 0.19610430250190514 0 0 0.15612744468038087 0.17077145532896063 0.17132284981550772 0.20353075523360825 0.1776687978509648 0.17127490048479446 0.18296399182953485 0.18873902299797665 0.18913336451255178 0.18067469369876282 0.24033600314578213 0.16256273680866656
35 385 0.20731163910920664 0 0 0.16593417269400967 0.17940473276864932 0.18227530889089824 0.21422654552494247 0.19432608657866826 0.1838987460770097 0.19330395810596745 0.19890775532843788 0.19724398402149856 0.19229474540250235 0.2535292697941376 0.17210729800134192
36 396 0.2058938946653672 0 0 0.16597769473438534 0.1772533956421827 0.18090374732562514 0.21136717955043874 0.19466088735893453 0.18270552233879128 0.18750439052721854 0.195440947269038 0.19902367908507546 0.1922893779529839 0.25182522953155656 0.16672152014094227
37 407 0.20183061294174817 0 0 0.1614791718044058 0.17295494317634114 0.17680529972880735 0.2095338419145586 0.18970310570071003 0.17743646913422628 0.18309464790413832 0.19016281524441894 0.19325767651060421 0.18882922768924512 0.24668713297442263 0.160885608756613
38 418 0.18983987199792715 0 0 0.15124878443509546 0.16026970904323534 0.16819986053015631 0.1981762103603303 0.17739267049445923 0.1667520642186095 0.16399253088875373 0.17663878303007707 0.17946183122044299 0.1787408905937492 0.2306883133800171 0.1521195108715339
39 429 0.17822083179742765 0 0 0.13569218005841124 0.14989637676177955 0.157172432455597 0.1885708039016215 0.16666052274609705 0.15483112394751458 0.15358632235501662 0.16440517991912507 0.1648737339521479 0.16907418814987474 0.21969052869051453 0.14691515251326054
40 440 0.17820004769783743 0 0 0.13581343995875325 0.14858447443106546 0.1611282045123584 0.18805542074366846 0.16660691072803935 0.1541940558153439 0.15426409567102914 0.16468009957824845 0.16444703556974208 0.16856614304096498 0.21955247674434 0.14492805653792945
41 451 0.18017715642433452 0 0 0.13651485928934473 0.15052624507449078 0.16533776598986108 0.18898440220962603 0.1692490708428814 0.15596924069774015 0.15930559602096458 0.16462459733200654 0.164497635981448 0.17067203433167044 0.22013015173938394 0.1432079816208536
42 462 0.18502521403670324 0 0 0.14026728187932502 0.1552236439564016 0.169411588224938 0.19500562594087245 0.17097326524981646 0.15911248413356457 0.16668050721401975 0.17357378330576304 0.1675307879120346 0.17443117971580918 0.2263726177476897 0.14618438615452392
43 473 0.19245974662111415 0 0 0.14317560409737487 0.1618098695312454 0.17277515033664287 0.1999096839777191 0.1811289333870221 0.16408687736235097 0.17557216422644975 0.1850967167497993 0.17272501454845204 0.18282370313909438 0.23376700981597745 0.15160490931532528
44 484 0.1897748110234311 0 0 0.1433149954030124 0.15789035110466618 0.16831031918598707 0.19488329622203668 0.18549131998613727 0.16036814722152432 0.1747358252875228 0.1833440971425349 0.16731141677498823 0.1801331197081812 0.22842040861359958 0.14939686787845763
45 495 0.19080192512610847 0 0 0.14453637978267483 0.1569617138535873 0.16275847183400433 0.19581993472203016 0.1907736285294935 0.16045513093872457 0.17543330257780684 0.18633077652677124 0.16300794268043245 0.1845153539542487 0.22534260452521104 0.14926858777695187
46 506 0.1943207482216776 0 0 0.14603298700730954 0.1595867318986102 0.1654378239745223 0.19972906285813427 0.20099523376002745 0.16243517776144029 0.18049552782856654 0.18764960196273656 0.16611294543077892 0.18774481029936857 0.23072782035450004 0.15108722781450448
47 517 0.18740473211510628 0 0 0.14161177130797678 0.15343998739219145 0.15909355378478487 0.18813367483021212 0.20093912752360318 0.15776134234684233 0.17279069063110616 0.18178998841769112 0.1591984651287842 0.18161284213080367 0.22369774591869648 0.14540182920747166
48 528 0.19390878329405645 0 0 0.14455020335909427 0.15874408794569195 0.16448545485919372 0.19934475776607882 0.2140844376135164 0.1640798232282556 0.1777332458183279 0.18621477738346612 0.1622373003990142 0.1873206100144395 0.2369493181889396 0.15052139289846872
49 539 0.1994158549081761 0 0 0.14792780331685856 0.16289380684522628 0.16981212873617274 0.20718671939820837 0.2247914067940699 0.16966042154432107 0.17794567501587286 0.19054684199060226 0.16719431160829767 0.19433619978554784 0.24040970076506307 0.1546149728122747
50 550 0.20937458725879143 0 0 0.15595868032896984 0.1727162162533954 0.17816889841004385 0.21868939350290237 0.23688047257558392 0.17850235057561442 0.18831193781486505 0.20186665157447983 0.17364687108800556 0.20234910850191293 0.2571355232794479 0.15864429472205097
51 561 0.22834035832519614 0 0 0.17186057716506584 0.18600733166259492 0.19459211945330693 0.232865248801911 0.2585705735484485 0.1959866045058735 0.2047041840730431 0.22315726232274116 0.18950502537383593 0.2243633645604355 0.2905851817668724 0.17410231663513914
52 572 0.2284650067216088 0 0 0.17077615563246498 0.18730712003057445 0.19556532238085306 0.23198862738679873 0.258163345468481 0.19383239580335965 0.20409814770636295 0.22008074788255744 0.18928071420982445 0.22734733954353034 0.2908087971988633 0.17586811134035032
53 583 0.21970937483194136 0 0 0.16552694527024178 0.18035847839341917 0.18438075151390998 0.2219461401205989 0.2487333989204495 0.18691032323389525 0.19389853550737374 0.20629654146205445 0.1824128258310094 0.21715724452516774 0.27592381468650945 0.1694918288215069
54 594 0.20894708443921736 0 0 0.15576897314566238 0.16926484539093817 0.17412458667072497 0.21026359724672106 0.23415287449497194 0.17879272085518952 0.18444213620327876 0.1975513428428877 0.17363617932123568 0.20898687197073598 0.2592623140818586 0.1608015202624346
55 605 0.1963440558124506 0 0 0.14616819978569862 0.15819889308602547 0.1642039877635901 0.19830737660818437 0.21382274074828728 0.16743291531905025 0.17445816646240814 0.18743062897298818 0.16052774284665994 0.19323418902760314 0.24396494058997484 0.15348030150131742
56 616 0.1867849712440058 0 0 0.13778082124000324 0.15175621058592192 0.15686724491236095 0.18355354653272085 0.2013916246116025 0.15883262431817494 0.16532323816467223 0.1813128891595272 0.15219092046126864 0.18441321336452912 0.231387892101272 0.1445162479404465
57 627 0.16915821294415403 0 0 0.12627202172194324 0.13921479713444143 0.1417611394736942 0.16525228974285655 0.18354607916434856 0.1429677508707745 0.15079171305128292 0.16258894806822327 0.13896167333802237 0.16469500383388946 0.2052093449176469 0.13029580221014564
58 638 0.17204726577686572 0 0 0.12953896175082996 0.1411125918877438 0.14427828628667594 0.1682476570011926 0.1876152272868832 0.14670433121787513 0.15533347589329793 0.1682365135635202 0.14224170527732063 0.16926931969786055 0.20415644502174865 0.13235483474822676
59 649 0.16586159617664986 0 0 0.12615834854524163 0.1359690231074887 0.14113709632103916 0.16278230845194258 0.18167901734544364 0.14144907020928946 0.1502659012576048 0.16207192525539568 0.1333442541761074 0.16386670001662149 0.19477153343286874 0.12729691758180686
60 660 0.15843428593312447 0 0 0.11967135996373768 0.13238616947522813 0.13504596967895202 0.15437989278111353 0.17607954077474097 0.1352867908532304 0.14325370393059308 0.15197578608830423 0.12712741688104778 0.159355142397793 0.1838137571008235 0.11789214251349811
61 671 0.15027852341416076 0 0 0.11232985137484695 0.12680073204843711 0.1273551981110288 0.14622282795593436 0.16880228241505915 0.12885955328290505 0.13472713210177756 0.14692019511985166 0.11970149559557623 0.1518576844416006 0.1745468024037218 0.11087884108434583
62 682 0.14510227711340623 0 0 0.10822899400376543 0.12230097808103935 0.12223937504948029 0.14206241164270708 0.16233959155722083 0.1225859685191471 0.1291463850879925 0.13863361135405344 0.1176296243992575 0.14383059541400758 0.16865535760497197 0.10741049596185236
63 693 0.13528007775213235 0 0 0.1004667415656591 0.11302703629792095 0.11051266131535344 0.1319545176793025 0.14837483539724716 0.110934402056465 0.12133966122811635 0.1298602764943019 0.1072650120338817 0.1320733032863305 0.15576192910878053 0.09896667860576323
64 704 0.12839284290816944 0 0 0.09439103392161022 0.10787630436386943 0.10324017517181802 0.12453976815177921 0.14136461329828184 0.10464038239468383 0.11184632680187694 0.12356908738598292 0.1026415557216199 0.12465286694497994 0.14879431034275795 0.09436128944826727
65 715 0.12543464244306898 0 0 0.09197201631205021 0.1057556888024251 0.10135752629063323 0.12037172915270161 0.1393542976239409 0.10231060877899235 0.10917208733249985 0.11851119767885299 0.09852375562171296 0.1201244665324191 0.14263030036869095 0.09282795961086088
66 726 0.11649981246743159 0 0 0.08656365015462536 0.09536962090100722 0.092842184338724 0.11151264390158551 0.1302098086740367 0.09427467092155736 0.10140422837544971 0.10912545131102935 0.09052094956380191 0.11254030700666633 0.13134558516225325 0.08654156070228243
67 737 0.11729206928948423 0 0 0.08767196521715367 0.09587143287549155 0.09264477585691785 0.11397948430944833 0.1298544932926178 0.0961351067286344 0.10134518212797418 0.10927481699277525 0.08882278227338716 0.11511022320660307 0.13545729340265128 0.08895028471479248
68 748 0.11625901156494511 0 0 0.08602598246512055 0.09445434633630444 0.09142851230615785 0.11412020326031438 0.1281417586486989 0.09576200617893173 0.09901930476332714 0.10922080498023466 0.08747735580542314 0.11341954769054033 0.13451205768629215 0.08929362461538991
69 759 0.10376729534834318 0 0 0.0767544362934401 0.0837039985825984 0.08156684520877001 0.10164426993770785 0.11385523897842992 0.08553984353992251 0.08873417900387728 0.0988449358656542 0.07913480608761939 0.10168486395014599 0.12218975142250284 0.07911530829354049
70 770 0.1012013222883031 0 0 0.07509215892988154 0.08062397736037305 0.07869443376371389 0.09939801715527097 0.10955422412585449 0.08327262573701309 0.08646771102112343 0.09516711843814737 0.0776229669716365 0.09949119523006582 0.1178880520265687 0.07679764853645453
71 781 0.09823776474680669 0 0 0.07231123255374873 0.07777641202085536 0.07619897641612454 0.09608178043319324 0.10472277387679453 0.07884048459053052 0.08384011776199378 0.0917226515770067 0.07551082717165171 0.09390687944641518 0.11412557367508672 0.07298501491415373
72 792 0.09752606760443604 0 0 0.07210389984501969 0.07677446401101036 0.0758122844164807 0.09286333183285894 0.10311295277514686 0.0785301317814776 0.08354023196627466 0.09056769068480638 0.07359498666575807 0.09159428701868891 0.11249223737951901 0.07221218904148721
73 803 0.08723349660752489 0 0 0.06474639366912815 0.06837482245809845 0.06671327812540974 0.08234860689679568 0.09265955822599468 0.06980130533142999 0.07326571363347088 0.07915637729902847 0.06610851909707245 0.08124192255970504 0.10028550935467605 0.0645044873310497
74 814 0.08386337876543043 0 0 0.06207360642349582 0.06537074567478554 0.0646381328050788 0.07750818302806003 0.08976828361578358 0.06719576712549782 0.07131378101346314 0.07635214308111234 0.06358061249134529 0.07899534265074801 0.09540737457174364 0.061135463390697024
75 825 0.08119526080447688 0 0 0.05942657804675028 0.062150681875982175 0.06290064522196046 0.07549911587866598 0.08564861234224048 0.0653512568331659 0.06844184131272768 0.07534302908318621 0.06085555292196024 0.07707793942528594 0.09137508724145489 0.059917808720940165
76 836 0.08315571316560055 0 0 0.06150340710213575 0.06300874856909001 0.06508263789420578 0.07843868945026782 0.08906269458205344 0.06636037686559099 0.06983851692763217 0.07618935041206795 0.06465469788709001 0.07915134708968599 0.0916684728609966 0.06237320670199476
77 847 0.07786120210052012 0 0 0.05711128104551375 0.059242907638149524 0.061231801915448525 0.07307361688065703 0.08259595609673916 0.06203447764703626 0.06533166574208346 0.07015447426240036 0.06040508103332716 0.07330006305801193 0.08479515376265523 0.05902160625633137
78 858 0.07479020533301108 0 0 0.05506354695284677 0.05618640159121402 0.058182437292783544 0.07040789700414538 0.07932405851521206 0.059755658996607355 0.06122232636365216 0.06650721528600792 0.05825436352344133 0.06868642954751109 0.08157299909811462 0.0566375621903601
79 869 0.07632087126343616 0 0 0.05791753028609222 0.05694981557142339 0.060052435502747685 0.0715437857440926 0.08102469046757202 0.06060119607858299 0.06143375249834607 0.06778522006992657 0.05979673973409377 0.07011491563960474 0.08291952966189008 0.058300650097845706
80 880 0.07744247834508781 0 0 0.06072174843436277 0.057511186235934875 0.0598653621461556 0.0738050638748546 0.08228957829721675 0.06075750414789764 0.06134143072550618 0.06842497445516167 0.060097818088996016 0.07216596221003609 0.08012490167977362 0.05903075619353954
81 891 0.07576623217175031 0 0 0.060597485580811274 0.05736181676909768 0.057821736180612954 0.07249863757648156 0.08086754062598711 0.058943490653036563 0.059568774943060517 0.06447993576044042 0.05767212471443258 0.0703256252984043 0.0780641220425972 0.05812113566774102
82 902 0.0740224288792798 0 0 0.058149498719838114 0.05524901658671403 0.055900795479588955 0.0728694382852363 0.08066855788391403 0.057422071563053054 0.05800296952883401 0.06154561879315141 0.056724118830739835 0.06837253989326433 0.07494566415920612 0.056316616047086814
83 913 0.07400860964439528 0 0 0.05737645880578687 0.05414233970995378 0.05611047553005704 0.073999620599609 0.0824477670893048 0.057133894201724295 0.057162597037302545 0.061732878650575626 0.05707433988548693 0.06893686703018799 0.07557856421496552 0.05752016686369605
84 924 0.07379623839065123 0 0 0.05712761718263181 0.053630548204650595 0.05611547425464349 0.07175069757169254 0.0816968332698159 0.055527837891330395 0.05722832762778652 0.0627278013771675 0.057777045272261324 0.06891431954387879 0.07536487207178057 0.057437047825729975
85 935 0.07358612676170354 0 0 0.05683768331160767 0.05344463981297941 0.05542141826803561 0.07114371340497572 0.0820605404090599 0.055741516925184864 0.05704182946114419 0.06316146539535314 0.05734772622434809 0.06748531020638267 0.07500338479460394 0.058421258011507216
86 946 0.0728524243121082 0 0 0.055720735971107806 0.052909197360048295 0.05276124624353593 0.071696851714208 0.08104251094660211 0.05544830293755667 0.05681943173276028 0.0627375118416725 0.057779071662551994 0.06766339530819977 0.07493179032463615 0.05800553138481415
87 957 0.0711556030515188 0 0 0.05458962909760053 0.052514386332860395 0.05026668182000792 0.07053473914488993 0.07911218984019726 0.05436886093493105 0.05564564216740559 0.06120085857349849 0.05574545869009035 0.06606529776533981 0.07194725107036767 0.05577983088665385
88 968 0.06682493306590524 0 0 0.051135314492914946 0.04842873877881429 0.047033711145239195 0.06656242891411356 0.0734747059778489 0.0505808221970356 0.05196800205779663 0.05797500039410824 0.051449551813737206 0.06159524397491398 0.06726344116299589 0.051835024493038104
89 979 0.0696302338122386 0 0 0.05289935996251023 0.04972327949979005 0.049414088751422336 0.06826575828487681 0.07632878567176936 0.051792866794655536 0.05507050619617619 0.06006597839297364 0.05378256880910186 0.06306960389036077 0.06920236388868975 0.05404263939622148
90 990 0.07460373325798489 0 0 0.05692717289252681 0.05461444591144556 0.053474009559942436 0.07146926575385844 0.08266174512718404 0.055072516722957654 0.061189954119823496 0.0678140471145079 0.0551777657029474 0.06719488979336877 0.07451835245789196 0.05859496369955112
91 1001 0.08222602032394327 0 0 0.062404172082673084 0.05963237621087259 0.05855949799195984 0.07777824668117962 0.09031155779586383 0.06009473907396396 0.06893198820180314 0.07877076528604693 0.060845879460040005 0.07387242878677293 0.08163823014100154 0.06538852923802979
92 1012 0.08532734096700785 0 0 0.06470238894346936 0.06137458009122063 0.0605963135840202 0.07851500070220419 0.0919817891054033 0.06089572093384098 0.0713363606816815 0.08248351923247332 0.06259780052947943 0.07794672997121757 0.08528623207896585 0.06881111708093603
93 1023 0.08182634972541505 0 0 0.06194777320056571 0.05774645765878149 0.05810709369283317 0.0754208522465315 0.08905097930625847 0.05803802498247139 0.0680443491321071 0.07741999736908205 0.05968029936254251 0.07486391137033654 0.08153021830149301 0.06547487101255464
94 1034 0.08332263807625383 0 0 0.06346217392185598 0.060673143909569696 0.05927560067575809 0.07557858072871917 0.09036152449765376 0.06031833849896713 0.06878637161904431 0.07954609331347538 0.060982863782082265 0.07416459354954492 0.08420466044109158 0.0663556054819973
95 1045 0.08530864080504066 0 0 0.06422655882593459 0.06164755806507459 0.060656905837729674 0.07677787943809748 0.09177243917891752 0.06125524321715851 0.070312920457258 0.08218558806287384 0.0632235286797558 0.07366100583186701 0.08712091416748048 0.06751888837112452
96 1056 0.08709909100159444 0 0 0.06524233878708213 0.061723923373028726 0.061155161330654184 0.07855128380121565 0.09431920398645831 0.06238479895692422 0.072173006354569 0.08583473357767277 0.06470556819822125 0.07545474833621502 0.08802184916987905 0.0691528752199418
97 1067 0.09259140371490243 0 0 0.06917502840055388 0.0659805549475231 0.06388915871801634 0.08314425077137184 0.10279631006880668 0.06630407824341493 0.07490771515104713 0.09431706761834016 0.07052248035537616 0.08000154633780683 0.0923924016314683 0.07430681861509066
98 1078 0.09043223207092882 0 0 0.06696146036421234 0.06358845956779123 0.0627725800054242 0.08047072420808718 0.10074042046620985 0.06462193731010757 0.07348152828802183 0.09305130179883965 0.06972922052155761 0.0767235300205853 0.08934688637671426 0.07342752102863667
99 1089 0.08741190513945678 0 0 0.06399171868322123 0.060862861312470075 0.05978113990240121 0.0774387462522623 0.09568456176874367 0.062014472007536105 0.07143425042411257 0.09001287543758645 0.06795252926786263 0.0742437166127137 0.0852137393737391 0.07093579149434519
100 1100 0.08837812524384492 0 0 0.06493436619032922 0.061420502265978616 0.05901373666237488 0.08112898589584137 0.10010959423203865 0.06250451449505542 0.0714878606262291 0.0914618509504022 0.06833875908065029 0.07525602545163047 0.08633788508788522 0.07330682348421437
101 1111 0.0853405606644271 0 0 0.06294234848612786 0.05957256813692108 0.05695030409980345 0.07772911709478282 0.09524013847726258 0.062017621962585257 0.06684252336920024 0.08847932853209235 0.06614031882181573 0.07116214582252714 0.08215875558360979 0.07044620669596849
102 1122 0.08092535191153719 0 0 0.05990700261049345 0.056578646947294524 0.05423983358257243 0.07266715552051439 0.09060944873533654 0.05730168591253429 0.06364509002946193 0.08213985484810611 0.06212373016809255 0.06725106017216892 0.07794049813901094 0.06698895745444068
103 1133 0.07651158044685705 0 0 0.05692869684454753 0.05296895297882088 0.050961535466631916 0.06991973278034089 0.08593018148516997 0.054288901018915765 0.05941659016819461 0.07661016239371103 0.05863069392701327 0.0638370569249103 0.07375081110875725 0.0636019840099182
104 1144 0.06682125337014554 0 0 0.0498770392788861 0.04558230750207783 0.04463115667405966 0.06048209106165827 0.07413599189651841 0.046668919985180475 0.05167532061217662 0.0668410666028745 0.0509664388545404 0.05535262208691155 0.0642236498393293 0.05541614722298135
105 1155 0.06045373624804902 0 0 0.04506560241116753 0.04076782494650166 0.040947518100297745 0.05435469302444869 0.06720948507399273 0.04276329656632799 0.046694898297400166 0.05944663249722744 0.04599061934079054 0.04876243415366255 0.05718446466115976 0.050138665288462905
106 1166 0.05894799493899743 0 0 0.04431972832458769 0.039616731873871165 0.03942532960742211 0.05344473506946306 0.06470377558365821 0.04133393682496758 0.04512440862542211 0.059980550853906474 0.045808746117186556 0.04786063289595233 0.05556813389028308 0.04863305778304074
107 1177 0.05851920190402073 0 0 0.044140231326399125 0.03913829507109668 0.038877148305490994 0.05194112049913078 0.06398928213442773 0.04053637184670565 0.04463982124670117 0.059811610984334636 0.04569783372970589 0.047065997967027 0.05460182889320332 0.04882078194258703
108 1188 0.0626879543389306 0 0 0.04991582270093835 0.04261623660741854 0.04167458136845076 0.055333132110158466 0.06740530289650785 0.04296375639123526 0.04714568806901412 0.06539199497832363 0.051247650842032935 0.050765169926208886 0.05839780995129829 0.05221453632283613
109 1199 0.060688635630812775 0 0 0.04916279015240416 0.04139559257920874 0.0401880900262342 0.05332937196218633 0.06534883066297949 0.04120254942561565 0.04497377927907723 0.063180523780972 0.050411483316129845 0.049075882968316845 0.05643123448147496 0.05034191741973377
110 1210 0.05839936128868302 0 0 0.04755585457381274 0.03997550159937001 0.03839250860542947 0.05096824630787768 0.06284564207159021 0.03958534980691696 0.04288823043421859 0.060771373942817786 0.049786957420001894 0.04648408859479104 0.05402053326563409 0.04810270970443181
111 1221 0.05769821879389652 0 0 0.04660976637457973 0.039651177622929676 0.03824211738731571 0.050019105106644486 0.06228850080078677 0.0387446835981405 0.04238468440875669 0.057665988584198885 0.05122423237488585 0.04583064219979086 0.052965137057066486 0.04733888739377909
112 1232 0.05354885178859218 0 0 0.04308915052671318 0.03662912513286846 0.03525995986421124 0.04604659966402169 0.05626079273208662 0.035719392198673774 0.03911888279272102 0.05384256152242406 0.04736081160678248 0.04192873793552139 0.04918514223204498 0.04327047567653637
113 1243 0.05142967896021656 0 0 0.040437997340978124 0.0350254307753357 0.03376607253343735 0.044163799857074505 0.05205632678904595 0.034753386043865526 0.037204157578146796 0.05120460830177589 0.04556818781233839 0.04110639227518141 0.04784738766401071 0.04176864573561846
114 1254 0.05102613483880714 0 0 0.040216705608378624 0.03465912087180011 0.03300887483221688 0.04367776793041606 0.052288220150657864 0.035186566073725306 0.03638738830438801 0.05116868966202194 0.045022698965717395 0.04031248832556614 0.04709409004543429 0.0415032302687931
115 1265 0.05337811013832632 0 0 0.042635334893782406 0.03590786650878828 0.03497385415534138 0.044924130070527826 0.054192852416116245 0.0379513707504219 0.03785182701540591 0.053886145887249305 0.04740086061518132 0.042735336325892596 0.049018765820014465 0.042868416856320125
116 1276 0.0535863343615063 0 0 0.04256961884346588 0.03567091701028954 0.03401407145181909 0.04550323004880806 0.05404360618239757 0.03845837387546619 0.03728278736222441 0.05374737750034029 0.04795165001706109 0.043702191287945294 0.04971070181430447 0.04272978776830733
117 1287 0.05424067003783933 0 0 0.04458797710233267 0.037102689322712115 0.03412096516254704 0.04836768290893807 0.05623154530024704 0.03885070214433308 0.03749195451107405 0.053748495162020515 0.047658441100358016 0.04457475035626898 0.04896923331725416 0.043970781595779405
118 1298 0.05427137738386384 0 0 0.04491761294173925 0.038376899241353124 0.03424140534930158 0.04818634727381986 0.05567101528867073 0.03843247819064279 0.0370550181650887 0.05278570471762261 0.0476074756313642 0.043497673187825416 0.04949439136907167 0.044261744127202976
119 1309 0.052247001000328565 0 0 0.04215199911644996 0.03669468862763827 0.03324365097709824 0.04656444823958216 0.05313633994484879 0.037458844809883714 0.036206125395344166 0.0508907594203719 0.0465302262659066 0.041886770250997546 0.04792986215671502 0.041869797993601986
120 1320 0.0525268070446542 0 0 0.04255230088750187 0.03691804544070221 0.03288033980276969 0.04669442035459292 0.05323538641181186 0.03749556019609825 0.03763333811398303 0.05079368306194202 0.04658280696392802 0.04089653082237841 0.047366162377583516 0.04197342209002284
121 1331 0.05162328328187853 0 0 0.041088520281237224 0.03595007798785447 0.03244997822460923 0.045558728363472294 0.05188698189989806 0.03725388261105476 0.0370030771539774 0.04990052539243954 0.046286513559522575 0.039657548409596316 0.04601372636581182 0.040065676594635
122 1342 0.04851009940334057 0 0 0.03872564683176552 0.03415906895372105 0.030726481897428517 0.041983537273801996 0.04689976707893411 0.03455460333972009 0.03503897857754191 0.04581052343622933 0.04303544182217686 0.0380327256188899 0.0424224480018902 0.03755992147647721
123 1353 0.04755104585958902 0 0 0.03804714017172114 0.03337917180320883 0.030299883873029464 0.04140091221830145 0.04555702748683018 0.03328671864381734 0.03462854881423679 0.04472181371507138 0.042288721865062835 0.03650838229643277 0.04124013432540993 0.0374405938308653
124 1364 0.0478767841915868 0 0 0.03806987495055996 0.03340502252553311 0.03015436448338012 0.04089606674623642 0.0457539705091205 0.03353305263251397 0.03489254792274241 0.04444978338315398 0.04268524871547127 0.03742384549292493 0.04161303727117965 0.03812804956339849
125 1375 0.0477317718013529 0 0 0.03736779938961614 0.03371451876955079 0.029950695014481117 0.040164558663303346 0.045777661382644344 0.032971812805633084 0.03502414593776095 0.04415066729487775 0.04232704896502537 0.03710801258299051 0.04099425648209975 0.037521654013979375
126 1386 0.04511927325139167 0 0 0.03496059536099366 0.03163021280468693 0.027957728978600584 0.037871344803400646 0.04262990955321306 0.031028748745268966 0.03345680124122542 0.041805710606047534 0.03987920980522817 0.0351389332508853 0.039178314309818066 0.03533560934479303
127 1397 0.04253193811792231 0 0 0.032441275690678395 0.029479931563321748 0.02621959693113606 0.035703868721901184 0.039918117538338196 0.02928481857311013 0.031771374881470124 0.03945042317532192 0.03807404824230591 0.03357147576775525 0.03692851104810307 0.03353850131321577
128 1408 0.040812162136501316 0 0 0.03073934594608434 0.028065097881758767 0.024800154456028112 0.034114417257713164 0.03824792376816167 0.028131390899762014 0.030189679543079072 0.03748393703930632 0.035898302910499696 0.0318113304848246 0.03511518662802025 0.0323490117338746
129 1419 0.03878090779856531 0 0 0.028826071177333153 0.02604055141266432 0.02377059401577821 0.031976962632724634 0.03663934697927033 0.026540365482233794 0.028806603126330935 0.034620903960339865 0.03386289909854927 0.03001372673496645 0.03321560613174114 0.030795929669131746
130 1430 0.0367389935736083 0 0 0.02764127318441932 0.024309267937324103 0.02255440247155168 0.02934664985014269 0.03509195645486869 0.025030030410755376 0.02728294268463424 0.0325037326906438 0.03246193622108418 0.028373723582751156 0.03134782691524684 0.028987680373046703
131 1441 0.03359150598567994 0 0 0.02552520019276606 0.021848062755987573 0.020077198080819435 0.02681420946951098 0.03189090256246154 0.02300462659840093 0.024973711441645296 0.029297267567613576 0.02919579446335341 0.02606117530568893 0.028642567178585075 0.026524392490295878
132 1452 0.03237301746040874 0 0 0.024497609152398726 0.021340576462904264 0.01946111905659514 0.025935530684990677 0.030507969881105337 0.02235747376402517 0.024317489157553614 0.028436183775111215 0.027893994255197566 0.02474589441475523 0.027848357952417458 0.025815675308124637
133 1463 0.03350697762766489 0 0 0.025160253159903063 0.022095695896652404 0.02023272537968973 0.02656467741897477 0.03199892432349109 0.02303409966725301 0.025870708995880728 0.029559238222902098 0.028694194166641665 0.025815527454684524 0.028323956140411728 0.026524529240292766
134 1474 0.033590284078237505 0 0 0.025023106680890524 0.021971809010709498 0.02012784032101964 0.02649469336733466 0.031800895832862885 0.022729999793247035 0.02627518364919089 0.0297806356396918 0.028696424744301938 0.025609109471773382 0.02826387872313029 0.02646478814762807
135 1485 0.03336016120743292 0 0 0.02497783288376367 0.021771532255591995 0.020132784356317105 0.025829828835434745 0.03095284955947077 0.022745297993359916 0.02609837879951133 0.029637059161493253 0.028227488954243016 0.025619756991739483 0.02835700096585383 0.025882578924334744
136 1496 0.03204431305664169 0 0 0.02383841202615837 0.021005062363175064 0.019343665291555293 0.024973892478969216 0.029690611746459126 0.02196439973768667 0.0249802204201393 0.028696053683698097 0.026904001080341768 0.024739324882656646 0.027538724445250948 0.02496146105790516
137 1507 0.0282789077275974 0 0 0.020506535315820612 0.018548658307097145 0.017489890953847686 0.022354914721885524 0.025848397743189786 0.019668343882377263 0.02204065768353447 0.0248448353478233 0.023208281017491367 0.021559611448308806 0.024055947877237742 0.02150824696929255
138 1518 0.026797694340099203 0 0 0.01998222081041158 0.017705849161284974 0.01636462457791404 0.021069013215242207 0.024637213840769463 0.0182442199104184 0.020586553408674966 0.023669996347183305 0.02172950718721621 0.01994656259516662 0.022876517083228274 0.020092604416537898
139 1529 0.025481050486056978 0 0 0.018879649144300042 0.01686291400547085 0.01553837232653278 0.01998618930799231 0.022889115528963607 0.017302838244356397 0.01970077785539404 0.022419317404050777 0.020695708120761675 0.01894633599047331 0.021391810359631957 0.018744365908766384
140 1540 0.02434967844002278 0 0 0.01823036165906354 0.01594706596996435 0.014813201229173898 0.01905403669480396 0.021704769911612097 0.016541906524077294 0.01881919043138949 0.02124603945535795 0.019646118713560548 0.018198471768735805 0.020404843499473573 0.017875703954433986
141 1551 0.022557724519416993 0 0 0.016901700448506543 0.014765557203574043 0.013802189030966272 0.017492142406639696 0.019962627574926364 0.015039853780845333 0.017451234676786477 0.01940509309179093 0.017934614011259724 0.016726187092330674 0.0187860179214528 0.016336249876770702
142 1562 0.021198815035759322 0 0 0.015805271780957822 0.013975121247992916 0.013039421241178352 0.01620304223371638 0.018702831102366962 0.01416843190561198 0.01643814660751689 0.01810161867264605 0.016672422960361224 0.015689934716467444 0.01762502864838802 0.015078413903921218
143 1573 0.019473679381403743 0 0 0.014433461392655028 0.01284541565267926 0.01191157532081108 0.015157944251619045 0.017077109412411636 0.012807076144385851 0.014977417403007157 0.01648917238472801 0.01512105300064174 0.01460969908083001 0.0159152564016744 0.01377187922222841
144 1584 0.017116968446221556 0 0 0.012569877556062859 0.011173541154847099 0.010322304897611621 0.013014579408627387 0.014888357776772663 0.011180513847713595 0.013047612081805344 0.014436103706124517 0.012821495565158714 0.01284423324665222 0.013966535856893203 0.012151593544399349
145 1595 0.016679009329220736 0 0 0.01276391291528777 0.011190657627653786 0.009851179180817078 0.012832977361899508 0.014632401060182388 0.010851697485140727 0.01282283294449799 0.014345205402151118 0.012468492297631091 0.012288643663548123 0.013521085448281822 0.012412663820657465
146 1606 0.017304861053517074 0 0 0.013341079633306855 0.01193106406577339 0.010084152744291796 0.013129309811902757 0.015043330869063273 0.011015717101772614 0.01334762485959833 0.015146867143687941 0.012740988630918576 0.012611091840327325 0.014241631516750345 0.013402872054134546
147 1617 0.018700108041544067 0 0 0.014947083572665441 0.013248227861679845 0.010861708464671327 0.01414652880041468 0.01645802194872545 0.012110710379241758 0.014382797637106839 0.016504126311548004 0.013820959736236508 0.013490890738209457 0.015907453766266535 0.014973352956046798
148 1628 0.019321678130219268 0 0 0.015465199504352604 0.013790744555478948 0.011178741997983518 0.01430056161116046 0.016901114110511598 0.012442394135035029 0.01485722525716758 0.01723025521886904 0.014355066371951398 0.014196890538950619 0.017004177345664475 0.015689638924746507
149 1639 0.02059081927102268 0 0 0.016372902488843596 0.01455957483767032 0.011719043755253638 0.015242582650799447 0.017952697970151775 0.01342995890675889 0.01660555767286804 0.018143761227847836 0.015320698030811559 0.01598517276718042 0.018965532614357045 0.016727379725730403
150 1650 0.021870139503890808 0 0 0.01738393558018674 0.015412996468316177 0.012441889350711187 0.016233263837619163 0.019051229918633582 0.014396397848602048 0.017632703241472862 0.019408810873325636 0.016099150296751387 0.017176825702382596 0.020296218582391768 0.017572175188226454
151 1661 0.022147046169255287 0 0 0.0174750944534205 0.015731672131656157 0.01275533622728756 0.016105954832225943 0.019348945022692566 0.014520932884224442 0.018006456390369414 0.019817028043468205 0.016191356926795845 0.01733171332725101 0.020564098315369858 0.01756234046709854
152 1672 0.02154542085276806 0 0 0.01693739307917364 0.015151296763821667 0.012388327729410224 0.015756345612677202 0.018759046119180535 0.01433382020452043 0.017430903812072716 0.018784784703085804 0.01549854146879523 0.017010853137553135 0.019355181011364617 0.01650529343567885
153 1683 0.02030457022739283 0 0 0.015691982170947225 0.014255034087674543 0.011655625603562236 0.014711114931151112 0.017572971759908237 0.01351779519900641 0.016180050657935634 0.017724401933433574 0.01487601516820593 0.016170363774347184 0.01806333106578655 0.01555627580217754
154 1694 0.020476078932348582 0 0 0.015560038284350113 0.014407054795800248 0.011714884816010391 0.014446578438721276 0.01740156027513889 0.013544442302992276 0.01649111950682884 0.017937606325827714 0.015556737157306707 0.016578259124573422 0.018058651262661582 0.01541728955594264
155 1705 0.020045346807727297 0 0 0.015068028042198953 0.014105974815418311 0.01145440333766957 0.013998492973400438 0.016432238692665208 0.013419801494160173 0.016223874839642518 0.017616383806656533 0.015524753998746116 0.016325245704955527 0.017479337445717464 0.014898569688187853
156 1716 0.01892842521528337 0 0 0.014219662590013641 0.013332751159210754 0.010665686488266296 0.013229698197097425 0.0155866478783856 0.01253411524687106 0.015390897313623317 0.01656348407227247 0.014590480007897408 0.015375544881856195 0.0162241835547 0.013924450254088354
157 1727 0.018699715223356048 0 0 0.014122627692538517 0.013068792104351221 0.010571922884894575 0.013083883751863635 0.015217708024261836 0.012330770871464253 0.015004826952559664 0.016656005532929324 0.014873515984428473 0.015236203572623683 0.015756654965436278 0.013486142938042466
158 1738 0.018799714764404757 0 0 0.01385774717617078 0.012778644271143932 0.010830911639251439 0.013434079702070237 0.015106341922744921 0.012330083373882207 0.01489495378529709 0.01667263392319934 0.01507639817433719 0.01526760138379326 0.015950601466156334 0.013423155747805034
159 1749 0.018173804760921487 0 0 0.013332850050458691 0.012173161712098824 0.010391943472612858 0.012931853688402932 0.014632684839858863 0.011905924885698402 0.014556508625734396 0.016544341878016608 0.01498022586915518 0.014525934570738601 0.014897340705333417 0.012884655628056785
160 1760 0.017281654234371967 0 0 0.012852318321291033 0.011346585126058437 0.009859143519948798 0.012001683443478607 0.013900940670238681 0.011224605834051188 0.013708598211552356 0.015785570273118162 0.014388232752731458 0.013660645306904768 0.013841344994942356 0.012264077830773353
161 1771 0.01723327338124105 0 0 0.01284100207505288 0.011365979631766662 0.010033039454502988 0.012199947053737939 0.013705951420352745 0.011229741276135335 0.013591135631358237 0.01582623289760606 0.01448419001987868 0.013344321293329431 0.013936147455813397 0.012195686370345328
162 1782 0.01600110186316347 0 0 0.011867061510693114 0.0106222656759802 0.00973495227017002 0.011271718791640498 0.012801652280716384 0.010504416012362582 0.012575570858472782 0.014944735098555033 0.013591135364417662 0.012010003705565134 0.013032443089405684 0.011214423114873409
163 1793 0.015235460029346053 0 0 0.01132008337301661 0.010156880831754594 0.00925606137167139 0.010530687355777793 0.012193563162342706 0.009767058132241798 0.011856120217367724 0.014105163326404964 0.012995773019066268 0.011739493823814747 0.01251485455512903 0.010696186465710742
164 1804 0.014050996547548322 0 0 0.010205710825410825 0.009173502628612868 0.008488087002067615 0.009741653084183281 0.011320275315018195 0.008938188796293673 0.010934027670221527 0.012664888154605756 0.011743916915900363 0.010830870192834836 0.011503679298480896 0.009657505632663826
165 1815 0.012813675458753173 0 0 0.009251288629913722 0.008234758517015932 0.0077107626034592334 0.008873559966857812 0.010090415629885571 0.008079180231505593 0.009859375328965782 0.01166856049755741 0.010828202114447984 0.00963689406943404 0.010526759019610572 0.008779783328797043
166 1826 0.011864962044751248 0 0 0.008376148245731574 0.007633949825973889 0.007211860138285001 0.008172902824696715 0.009220140703383266 0.007368849415244343 0.00901121098975384 0.010386073883174139 0.009964178613485862 0.008942693044227124 0.009919927435059851 0.00810666850737025
167 1837 0.011581346707749915 0 0 0.00809832040272186 0.007457462372191696 0.006918596502730053 0.007814408969622154 0.008865319490418015 0.0072110699166712845 0.009008475209928776 0.010345666024971965 0.009817335739369564 0.008592315487609376 0.009584346797827596 0.007833441950514216
168 1848 0.011661311693643088 0 0 0.008200885994530348 0.007520795821660188 0.006803596891895715 0.007874077863120808 0.008997634045750063 0.007405487153902683 0.00903658766981911 0.010105236604184904 0.009790843650387628 0.00852242769293877 0.009628322228774171 0.007837493996475034
169 1859 0.011501952100164307 0 0 0.008086418379897854 0.007246815611882494 0.006688684971889236 0.0076964828121070285 0.008711232160272394 0.0075812921604521185 0.008957702538138069 0.009943353057186976 0.00956481663516319 0.008323884873597797 0.009378300743049657 0.007684658331985106
170 1870 0.01093959920597049 0 0 0.007647920060325285 0.0069540851804706354 0.006324025777699328 0.007304762934046191 0.00840079702436381 0.0072099218379759415 0.008360433484799581 0.009498692248909204 0.009225570421095897 0.007929291282273479 0.009008203974765141 0.007491358838443012
171 1881 0.010159635531400422 0 0 0.007097063509338074 0.006416730114704726 0.005873410752806278 0.006623531764051463 0.007788751720635771 0.00662609419959109 0.007636391833266121 0.008580519814363936 0.008274086476001438 0.007341694772708588 0.008383447538677306 0.0069561587506595905
172 1892 0.009595765026400983 0 0 0.006656975210978196 0.00583772986385677 0.0055967419732986055 0.0063284862817234305 0.007383988044055583 0.006254007409004506 0.007264384131861845 0.008092756133890286 0.007775617080605931 0.0068918298172620795 0.007968452921022879 0.006631504216526191
173 1903 0.00878931280844183 0 0 0.0061136248603161 0.005366672454322784 0.005117519204122779 0.0056947663783021496 0.006647242595911488 0.005669899273167156 0.006603707804453838 0.007507772970883633 0.007139055898067744 0.00628464679575077 0.007206776196639 0.005952254700633864
174 1914 0.00858420049383722 0 0 0.006022730995788914 0.005199977423251855 0.004991065923397748 0.005494577120781793 0.00645454164776592 0.005490902998798288 0.006531292708394783 0.007437998283640754 0.006949853526493257 0.0062752626747723675 0.006993537211599903 0.005792952228369728
175 1925 0.007980887593799259 0 0 0.005570230451725486 0.004849767884890824 0.0046356569466726285 0.005110646028722025 0.0059833087021742394 0.005054323504883645 0.006040468158030288 0.0069482347534073965 0.006443970188342951 0.005902936301106007 0.006406994700827747 0.005294361919872455
176 1936 0.0075030845933792755 0 0 0.005284995869513591 0.00442363363388331 0.004309698545725815 0.004692924240612452 0.005640129002003141 0.004717618559287866 0.005642258509395913 0.006488852568432521 0.006137457804164679 0.005581155706810912 0.006021410278983156 0.004911219675074873
177 1947 0.007581453882892581 0 0 0.005213633756023592 0.004350565947674747 0.004359789164983009 0.004773759265700875 0.005775731574978432 0.004726548584111666 0.005979204833883198 0.006794763290557579 0.006267547433999121 0.0057433693914557245 0.006020955958773314 0.00480028290298969
178 1958 0.0076775357162376275 0 0 0.005199065100786989 0.0043752217934124125 0.004382278238143785 0.004831455527796094 0.0058178458162440804 0.004826205583072997 0.006156412930386738 0.006915215117356972 0.006486089616773814 0.006071013446417793 0.006083238126874355 0.004849491925235035
179 1969 0.00796433196860866 0 0 0.005381299670526635 0.00447254702090283 0.004540892148176491 0.005005706497432961 0.006082146677044957 0.005024291318145266 0.006652885762511853 0.007218948381271292 0.006838353779165549 0.006370144599671914 0.006387296533148058 0.00497580564159782
180 1980 0.007940460662000015 0 0 0.005342680459020099 0.004455083965633753 0.004526485058601895 0.00496571409247855 0.0060407362076138026 0.0051408027725512485 0.006657612541486055 0.007180480284361675 0.006863544323884697 0.006326811684007239 0.006367750622325991 0.0049137030538142805
181 1991 0.007832600226399408 0 0 0.005289940852015626 0.0043809181142560735 0.004501450888170536 0.00487970103629246 0.005819042256123317 0.00514738843270993 0.006520226674667875 0.007040313448214845 0.006820590671572599 0.00632295110674605 0.006338260026615746 0.004865966477360438
182 2002 0.007469825763801893 0 0 0.005026700283095894 0.004175183702380982 0.0041876008113655395 0.004603949800503223 0.005564337470814207 0.004960688406071083 0.006291011855166541 0.006700506607429631 0.006534123085947845 0.006036232120044909 0.0060391592136873435 0.004610674932309377
183 2013 0.007180711119188914 0 0 0.004767786341080844 0.004085574420318057 0.004072589613074963 0.004329908312396276 0.005308059744113171 0.00478057016441178 0.005998667009155663 0.0063992207675638456 0.006213623039024924 0.00588674955945719 0.0057691741708528355 0.004438665525513861
184 2024 0.007166742658196431 0 0 0.004651689230189938 0.004062941128989731 0.004049771754118741 0.004256791114258828 0.005330261000662875 0.00481770486364456 0.00583018491359464 0.006308712361780242 0.0061087801682209175 0.005753703289932003 0.005595748413116868 0.004418741628619448
185 2035 0.007172198706809378 0 0 0.004610273438832866 0.004081810926980745 0.0040914535953778825 0.004287524436430066 0.005319761823108592 0.004809814718289232 0.005827443343911535 0.006240120008996745 0.006148232114716694 0.005781165378390013 0.005504724175992837 0.00438323283923603
186 2046 0.006649880316835786 0 0 0.004224147572648136 0.003842546733012238 0.003810394257169172 0.003957361460189355 0.004822278897179841 0.004440802648093378 0.005274150508780578 0.00560504565478968 0.005690291400525279 0.005423288163342296 0.005033014008074907 0.003981206531562176
187 2057 0.006473427069646072 0 0 0.004048409095145444 0.0036968172739478278 0.003665816263960791 0.00385419992604471 0.004634056942187188 0.004226145171258436 0.00514267070962471 0.005431957177270611 0.005586903569571417 0.005315699129857302 0.004760804485299115 0.003831915474137054
188 2068 0.0057624506980529615 0 0 0.003497641357024326 0.003264288833358194 0.003257011286917751 0.003391019391540309 0.0040341622376232405 0.003794162011386786 0.00454701250264806 0.004755002545651308 0.005005276258593718 0.004733352541868881 0.004167388024980218 0.0032708702631839355
189 2079 0.005356039227928219 0 0 0.0032061345596613396 0.0030301590925109387 0.002980808873253905 0.0031407367609285718 0.003738751460495295 0.003576501016678428 0.004169146193986762 0.004384415753436758 0.004636536391019964 0.004346251810931959 0.003897368791166509 0.003036024087509017
190 2090 0.005080591203209833 0 0 0.0030421875154025015 0.002818336854302394 0.0028341649588664555 0.0029385630590973285 0.0035537600038276812 0.0033694060414230717 0.003864527836003752 0.004113549394053828 0.004365524189275483 0.00406948487224546 0.0036345177453910075 0.002860540332095136
191 2101 0.0048375413831751 0 0 0.0028965520717070432 0.0027072784100880447 0.0026966876598395924 0.002733917042596105 0.0033446590578281084 0.0032620977255204318 0.003619148791158205 0.0038586584060139022 0.004140980601875673 0.0038510432419702283 0.0034486228784358377 0.002722227731786992
192 2112 0.004579879839177987 0 0 0.002729981046618101 0.002542307609940505 0.0025600090373277765 0.0025806656575473874 0.003183849979864443 0.0031363678710601196 0.003428177221901484 0.003628198591445246 0.0038817374394108585 0.003511724004484515 0.0031767158408592885 0.002559450840938664
193 2123 0.004170148371731352 0 0 0.0024474620060310603 0.0022910955116044176 0.0023099114525345055 0.0023486911786491484 0.00281923810919276 0.0028095384719785963 0.0031018725795293476 0.0032712015847544264 0.003536215615380858 0.00319297709670597 0.0028982107952505633 0.0022617216421448624
194 2134 0.004033416144987057 0 0 0.0022820867317193843 0.002219994713095085 0.0022303189061961062 0.002252507300268642 0.002679779384856296 0.002747696335408941 0.0029472145917809373 0.003112536155149882 0.003423150414246923 0.003114288809459152 0.0028996705242150286 0.0021815389152195865
195 2145 0.003769906741925954 0 0 0.002112225761553397 0.0020581515019216967 0.0020885528432781184 0.0020856075636113388 0.0024491958201014043 0.0025479880453906363 0.002723097387908177 0.0028640826727393174 0.003177816648550527 0.002866911861936579 0.002647598478484212 0.001986448608553753
196 2156 0.003278830116759646 0 0 0.001818432059904409 0.0017714332544637133 0.0018016635706446984 0.0018030808497540732 0.0021205477627221445 0.002205827909420954 0.002370746319817288 0.00248590028046301 0.0027624691647021894 0.0024908437250706246 0.002292696906302133 0.0016903996146737897
197 2167 0.0028846291002239326 0 0 0.0015950029124835222 0.0015508178239888688 0.0015941973712832811 0.0015876995583879608 0.0018563310772923673 0.0019199355953746695 0.002035773323223198 0.002172060225824258 0.002383484635694495 0.0021967888930448094 0.0019816182162757 0.0014257937352171218
198 2178 0.002658837308218557 0 0 0.001454454990524846 0.0014212488210153165 0.0014575723178199885 0.0014460912546089746 0.0017054633082970593 0.0017382288933243434 0.0018471924366937316 0.001999967149838166 0.0021880486624609617 0.0020285344300342433 0.0018173044924457394 0.0013086134095626751
199 2189 0.0024464205467323234 0 0 0.001322690584255307 0.0012635921350141407 0.0013275981829549246 0.0013195772900009995 0.0015609901046332152 0.0016147042057731347 0.0017050944874297134 0.0018254593575912773 0.0019452486144543443 0.0018511747805680906 0.0017010762519492006 0.0012047372978259124
200 2200 0.002360472842166539 0 0 0.00128144267214824 0.001187650535783131 0.0012537149628316431 0.0012678624566847467 0.0015026525581034805 0.0015289016477083891 0.0016580709298186969 0.0017369148048697474 0.0018540225196754987 0.0017688893941683918 0.0016435023192295228 0.0011563277803505149
201 2211 0.002355290100178227 0 0 0.0012639099442122315 0.001186570256110573 0.0012787441498949175 0.0012749290681824856 0.001500223838682287 0.0015296097939228664 0.0016443037699708128 0.001773684682733633 0.0018827343000650317 0.0017558883907694267 0.0016247037338848875 0.0011427707726738682
202 2222 0.002330430528015903 0 0 0.0012575596758685381 0.0011768599920444892 0.0012488075140114322 0.0012360594070407686 0.0014773178319686224 0.0014646600918523174 0.001562107948199077 0.0017646122817705017 0.001917133125252378 0.0017648814979288432 0.001622813094496067 0.001142606921331251
203 2233 0.0022389896933369662 0 0 0.001211807505360317 0.0011242599062969364 0.0011937853064680065 0.0011823625639339232 0.0014014526030014197 0.001356093486231818 0.001500371658524073 0.0016835578673246943 0.0018310977966045521 0.0016495537763750298 0.0015218391971235715 0.0010907559538317591
204 2244 0.0020154683827492735 0 0 0.0010958196048442416 0.0009963141205670423 0.0010772840085671346 0.0010673525955312354 0.0012791827340455867 0.001228256207829467 0.001334803967607415 0.0015091138750516076 0.001629251848346922 0.0014929865869612127 0.001348334808075712 0.0009581112645174995
205 2255 0.0019163516770906298 0 0 0.0010382919721119864 0.0009528846078722227 0.00101904882363606 0.0010096410456014622 0.0012340269745570525 0.0011592274224099005 0.0012654016012741103 0.0014173025677586921 0.0015184487555378937 0.0014173219916052018 0.0012627687966967676 0.0009316778154541039
206 2266 0.0017934728538557688 0 0 0.0009669901611181263 0.0008856130515465777 0.0009505009850105779 0.0009525065955999707 0.0011701692823068283 0.0011125892827330102 0.0011867090733393927 0.0013168091585190214 0.0014088563888112482 0.001313284953572007 0.0011760836751393779 0.0008749227331855945
207 2277 0.0016251927707194398 0 0 0.0008635854766925904 0.0007869621596386422 0.0008524046317432053 0.0008523978571026253 0.0010243998000743456 0.0009857556531789231 0.0010648776028114656 0.001184796242162804 0.001273689284682783 0.0011601678714921978 0.0010435647614479918 0.0007970366062325371
208 2288 0.0014623210744740482 0 0 0.0007653965045395728 0.0006961010153490558 0.0007590714646835985 0.0007638582159051684 0.0009222197091645739 0.0008768454345426716 0.0009548144933456822 0.001076120930214375 0.0011476088497471939 0.001043873519192283 0.0009433788083976802 0.0007046799891674229
209 2299 0.0013441159719180544 0 0 0.0007123082416178978 0.0006291434117479923 0.0006997736649461221 0.0007060625825484725 0.0008406126857149499 0.0008050906847793396 0.0008858813691133296 0.0009889798787583017 0.0010610679213089742 0.0009544368323801055 0.0008686860405455084 0.0006432742549482369
210 2310 0.0012624885202628586 0 0 0.0006703454751200778 0.0005956735842491905 0.000662226548263339 0.0006689052133919287 0.000779125924345307 0.0007489211625650916 0.0008139968503372929 0.0009204718308239384 0.0009698386655895044 0.0008910328790666277 0.0008264149571190973 0.0006022549195522841
211 2321 0.0011695988916573547 0 0 0.0006210446513301514 0.0005547958577857991 0.0006120811269659252 0.0006127114675709872 0.0007158576200708163 0.0006962517495652873 0.0007559960483898449 0.0008566975806727664 0.000905687579541715 0.0008170140064388785 0.0007573509343453405 0.0005545977975396679
212 2332 0.0010577014433915692 0 0 0.0005478471791248775 0.0004982674126735242 0.000548930077799112 0.0005480373903191257 0.0006389567534577183 0.0006171904645614647 0.0006786591833101338 0.0007783770065746055 0.0008170935484258675 0.0007313911535539094 0.0006800715885659868 0.0004961716806239853
213 2343 0.0009691203997917802 0 0 0.0005045903928465041 0.00045942726367569 0.0005025320997387917 0.0004974364152514166 0.0005868715103898182 0.0005657234878694306 0.0006210616362645833 0.0007115283347405724 0.0007275708139295002 0.00065249103691275 0.0006233527582792076 0.0004545348449904883
214 2354 0.0009530574863341291 0 0 0.0004958242311246095 0.00045024956253798967 0.0004926913124545624 0.000491151970221487 0.0005714253384783093 0.0005515017083931268 0.0006096838727853522 0.0007093553947339934 0.0007098213358126984 0.0006229629169979438 0.0005945927440246688 0.00045146197111372644
215 2365 0.0008923075142782207 0 0 0.0004620069986481641 0.00041675612644952425 0.00045675601789336274 0.0004550253681873066 0.0005362449702883626 0.0005105716356134873 0.0005637249876820426 0.0006674137588870994 0.0006675519476905215 0.00057661330828982 0.0005540111083627104 0.00041378164829786716
216 2376 0.000814563969269391 0 0 0.000421996512392975 0.00038326166864764406 0.0004121917710007062 0.0004135109638202747 0.0004839773878150138 0.0004673216464650248 0.0005182618325782812 0.0006110848540449613 0.0005996067351663337 0.0005280012853394585 0.0004916345995109476 0.00036723257720708394
217 2387 0.000730346980624895 0 0 0.0003666668161401481 0.0003422094007362445 0.0003701172484203317 0.0003700621571030168 0.0004355175894870355 0.00041642910922461964 0.0004644018797516337 0.000546407669455086 0.0005350036443550462 0.0004739625506047601 0.00044010500370800237 0.00032389047558137405
218 2398 0.0007173482965762243 0 0 0.0003487345946359417 0.0003280917722011975 0.0003627618176692488 0.0003616992733671177 0.00042082260164230553 0.00040842475031358254 0.00045465436411231173 0.000541624224382048 0.0005303973280555575 0.0004588544909424276 0.00042865755081111437 0.0003156685136466794
219 2409 0.000705834217442727 0 0 0.00034406532009357703 0.00032031655787208415 0.0003558135124520684 0.0003535844271931377 0.00040239550907842026 0.0003940491303425425 0.0004478863704301992 0.0005530902274047441 0.0005290432088426133 0.0004494116509770125 0.0004166105879436322 0.00030673288994898624
220 2420 0.0006693304567726786 0 0 0.0003274194569130245 0.0003049729834245999 0.0003330302035420913 0.00033308231605576127 0.0003817075791160522 0.0003696402486056932 0.00042258167304314064 0.000531668491612045 0.0005034708258963313 0.0004289762630024448 0.00040358589438835285 0.0002925894331346477
221 2431 0.0005931459924688075 0 0 0.00028151437491694863 0.0002644800265339442 0.000297018840409248 0.00029540416906386396 0.00033735009443442473 0.00032348595970356123 0.00036413715165367074 0.00046111629926745903 0.0004394612019622563 0.00037576443873628564 0.00035391742618273324 0.00025627699713717193
222 2442 0.0005360508012082245 0 0 0.00024869902382131613 0.00023648950146677147 0.00026868132914355784 0.00026612079342361425 0.0003057023536916509 0.0002908191811950608 0.0003204542996233705 0.00041616819077766544 0.0003966102767573012 0.000334194829807556 0.00031190266186263726 0.0002275217305729181
223 2453 0.0004902108824250405 0 0 0.00022416405630648137 0.0002152525859295166 0.0002444122759913104 0.00023988555442020404 0.00027955355009271903 0.00026640419072247024 0.0002910934710019853 0.00037158576661879217 0.0003541819916564784 0.00030121957253392584 0.0002865037228628826 0.00020867611203963078
224 2464 0.0004568518031072539 0 0 0.00020762707710279444 0.000199000358762556 0.0002229646238234804 0.00022332560075345308 0.0002543189689839503 0.00024799281277617757 0.0002682960713294416 0.0003490149133038676 0.00033283161234316257 0.00028026830703367807 0.00026573097542324895 0.0001931244744312396
225 2475 0.0004124023740312066 0 0 0.00018856329211169517 0.0001797159414773934 0.00020050002848598613 0.00020148873185722493 0.00022891582787485388 0.00022340468572498904 0.00023947076565463974 0.00031536347301641595 0.0002964769274519621 0.0002484946076713231 0.00023530512653639478 0.00017277481955388547
226 2486 0.0003727612739624372 0 0 0.00016822645718590792 0.00016047883083816102 0.00018064568655526254 0.00018015239118484409 0.0002041092348952202 0.00019983957897186234 0.00021714260971299792 0.0002830381864513155 0.00026126802077267226 0.00022242474345336247 0.0002111639030723077 0.00015484616014227494
227 2497 0.0003563784491203065 0 0 0.00015682926121598738 0.00015377051585710032 0.00017364263812927845 0.00017442066110551774 0.0001903178711877067 0.00018995829520383 0.00020767304126706942 0.00026538215764446133 0.0002474456898271685 0.00021528332459466504 0.00020325513538960185 0.00014876352145138782
228 2508 0.00033904327719358707 0 0 0.00014853121906712837 0.0001460396262386911 0.0001651234607585404 0.00016262187865094866 0.00017700031904152748 0.0001779001921520844 0.00019847144276893215 0.00024906271272092447 0.00023533814167774145 0.00020751163655187625 0.00019394027651848815 0.00014143478256166495
229 2519 0.0003061094067863519 0 0 0.00013341028586397438 0.00013170163187111852 0.00014926843401408743 0.0001458466353890915 0.00015711920345149821 0.00016031211465432677 0.00017616225148566833 0.0002239135958374082 0.00021093918102172996 0.00018502170174360154 0.00017269304974466284 0.00012719458301892208
230 2530 0.0002835305473136045 0 0 0.0001216194109924446 0.00012078264763699854 0.00013971846757468616 0.0001360211200788644 0.0001436301349995663 0.00014591004599450054 0.00016293085264066547 0.00020589905862598634 0.0001949225738877036 0.0001722437016000399 0.00016018845347302792 0.00011660061598278602
231 2541 0.0002695088351996082 0 0 0.00011328776129257823 0.0001131585930257543 0.00013131943003271307 0.00012837876339711065 0.000135985688938151 0.00013838556896705106 0.000157854481616654 0.00019705732466432106 0.00018208398985481743 0.0001623923175324059 0.00015277554523850396 0.00010978124075428996
232 2552 0.0002672061638762471 0 0 0.00011016989545923992 0.00011091176016834054 0.000131537779611474 0.0001271217096014601 0.00013302510287865437 0.00013631513457585588 0.00015403299431498226 0.0001946185153273676 0.00017872991231169906 0.0001594923249309077 0.00015618431641634516 0.00010947693935107108
233 2563 0.00026231720390488243 0 0 0.00010773247541684834 0.00010904204866676278 0.00012942319717660492 0.00012468657858513422 0.0001288419153830622 0.00012927769847072341 0.00015158665527237707 0.00018972708426200977 0.00017214265516387402 0.00015578838407938933 0.00015590338778786924 0.00010834462437226513
234 2574 0.0002485024102426949 0 0 0.00010313226242550396 0.00010222423104951099 0.00012236302941150528 0.00011860168025635327 0.00012141339852290658 0.00012294027440715375 0.00014189684839208111 0.0001762876707005427 0.00016001729948872934 0.00014692704042881138 0.00014631113994940652 0.0001024442206826389
235 2585 0.00023521040263770515 0 0 9.783895704693613e-05 9.727184362861905e-05 0.00011391981741678261 0.00011109816023915591 0.00011222229604658773 0.00011185438660305932 0.00013033659276201752 0.00016544274991933834 0.00015107064068819938 0.00013645843465275904 0.00013849374979262328 9.82765198241887e-05
236 2596 0.0002181095217212866 0 0 8.98516615298718e-05 9.033113376402609e-05 0.00010556994313735026 0.00010187029912399486 0.00010088491090018618 0.0001015861649334586 0.00012130592925463905 0.0001532727588367612 0.00014077741958646702 0.0001286513796026161 0.00012973526011292454 9.160301076623011e-05
237 2607 0.00020816040831135986 0 0 8.32872760528765e-05 8.717744247124708e-05 9.955473637640496e-05 9.572089395095673e-05 9.58341543739884e-05 9.429555419025254e-05 0.00011589535862550765 0.00014801804069953218 0.0001334826971159483 0.00012422152813169 0.00012487921099537928 8.832871423184417e-05
238 2618 0.00020690111581179896 0 0 8.136258375821245e-05 8.846701901449227e-05 9.960419788854148e-05 9.455780574552527e-05 9.393039700122213e-05 9.308793294696152e-05 0.00011625808033043784 0.00014638705241698253 0.00013188085025472783 0.00012281270026802597 0.000124670787432256 8.690287560578631e-05
239 2629 0.00019855596398657592 0 0 7.808189012309581e-05 8.628828804473787e-05 9.642338151086222e-05 9.095484502897451e-05 8.974393156727143e-05 8.948066530436453e-05 0.00011047510410191435 0.00013981178003808487 0.00012283828806611077 0.00011564866680686812 0.0001194397417473719 8.306819237202547e-05
240 2640 0.00019111475882835992 0 0 7.463730790222564e-05 8.347004342985247e-05 9.2206296952789e-05 8.73634069370901e-05 8.573215787682466e-05 8.503519303926578e-05 0.00010533039952752082 0.00013443423650737806 0.0001178808704430297 0.00011139960845705431 0.00011542318362006499 8.017184361540064e-05
241 2651 0.00018932870313354455 0 0 7.358373293625789e-05 8.4423768695907e-05 9.118443501929531e-05 8.426461095069507e-05 8.443291098104754e-05 8.580301319539855e-05 0.00010737714489721785 0.00013389877042325104 0.00011587845091131575 0.00010938261447406482 0.00011311204560917419 7.99934881188653e-05
242 2662 0.0001809092768760038 0 0 7.134931464243919e-05 7.871750018623072e-05 8.673906880914908e-05 8.038563714519579e-05 8.003390170873846e-05 8.13839744354424e-05 0.00010262497926388373 0.0001275919430320387 0.00010965177445815221 0.00010409954507823586 0.00010829792498310714 7.652740848590848e-05
243 2673 0.00016828592053916565 0 0 6.630899197608e-05 7.415491421076835e-05 7.985409672003453e-05 7.305640460971532e-05 7.431803935598257e-05 7.590283836096537e-05 9.527596853908526e-05 0.00011723192849684971 0.00010091684058566155 9.585265221535192e-05 0.00010110584048840583 7.052285495441564e-05
244 2684 0.00015923320078032027 0 0 6.297214691482794e-05 7.024850626947821e-05 7.451446549003614e-05 6.825013546485443e-05 6.941780807470978e-05 7.214254193163953e-05 8.993124917556372e-05 0.00011084775981775466 9.660460815668397e-05 9.373726733929048e-05 9.766160728737605e-05 6.64952833146147e-05
245 2695 0.00014581560039858695 0 0 5.721907840814094e-05 6.438575757978325e-05 6.701752042401738e-05 6.157332146496638e-05 6.350951632851729e-05 6.525403091483351e-05 7.950267492205923e-05 9.914985841017138e-05 8.781562813502976e-05 8.555954922639798e-05 8.963171329052384e-05 6.000968595543797e-05
246 2706 0.00013820058551901784 0 0 5.332712804185309e-05 6.109185071620568e-05 6.322062347185041e-05 5.8872786164080336e-05 6.119281300337437e-05 6.162994666058446e-05 7.498079821057578e-05 9.163769028871934e-05 8.330032332895717e-05 8.112617538997322e-05 8.4087333381864e-05 5.630024683587199e-05
247 2717 0.00013290176956161926 0 0 5.093655948922137e-05 5.871082578752564e-05 6.071234101067877e-05 5.598398057863989e-05 5.8304229055243634e-05 6.100578241048159e-05 7.331800428368237e-05 8.781758869594726e-05 7.948424836444813e-05 7.776210399949519e-05 7.899779124377965e-05 5.319354588685222e-05
248 2728 0.00012728689178962058 0 0 4.971552692532679e-05 5.556657704292914e-05 5.760559977174768e-05 5.249048299382431e-05 5.551472523694593e-05 5.9459270689047757e-05 7.190165520064647e-05 8.425360833800395e-05 7.56539010129961e-05 7.34759160905799e-05 7.405717041970917e-05 5.0160999000841206e-05
249 2739 0.00012046476490394506 0 0 4.7130304636957476e-05 5.2192232041396945e-05 5.518302977926899e-05 5.0194705072324135e-05 5.2350742474924e-05 5.593634897301552e-05 6.875418077218886e-05 7.879118658135582e-05 7.071039045251631e-05 6.94691342163557e-05 6.846137012616472e-05 4.6935314775486015e-05
250 2750 0.00011397434418495489 0 0 4.487030896274738e-05 4.8915670226324243e-05 5.193090882082943e-05 4.890410301402008e-05 4.8539688768848356e-05 5.178835167784817e-05 6.465086649250631e-05 7.42314517950127e-05 6.641739014437626e-05 6.502070796630636e-05 6.378839846687162e-05 4.452163416565247e-05
251 2761 0.0001046225633426411 0 0 4.110565427379596e-05 4.3855598179675904e-05 4.5301366495518164e-05 4.46251989469198e-05 4.458073309055065e-05 4.747204903617961e-05 5.941848264558584e-05 6.844336033575564e-05 6.134577835373181e-05 5.9653113525520886e-05 5.8949788116074396e-05 4.096261747544589e-05
252 2772 0.00010051583709066882 0 0 3.863991912727955e-05 4.2246397396204704e-05 4.3410026278816416e-05 4.2407427864754364e-05 4.1709508931500055e-05 4.617966481247854e-05 5.759349641644089e-05 6.638382752299217e-05 6.004589187821292e-05 5.687660919182454e-05 5.572774978877266e-05 3.838209996509053e-05
253 2783 8.81895258039419e-05 0 0 3.3911258889845686e-05 3.66493423924026e-05 3.813225442848506e-05 3.763225955893569e-05 3.674342558456712e-05 4.004875556181334e-05 5.013769900864568e-05 5.829239179633332e-05 5.262791498078964e-05 4.9665235558193265e-05 4.85938979567588e-05 3.347496754064563e-05
254 2794 8.130596160813544e-05 0 0 3.136888282924597e-05 3.3654997920827414e-05 3.486956932154118e-05 3.407418080542556e-05 3.380618811711124e-05 3.7063538833469415e-05 4.602610856696364e-05 5.242469762918835e-05 4.8575842071101e-05 4.549036641612638e-05 4.5059000243187066e-05 3.119598334937174e-05
255 2805 7.716135732336903e-05 0 0 2.949292364451455e-05 3.223790965973931e-05 3.287257956378719e-05 3.213583819299478e-05 3.21262881789064e-05 3.49380802189579e-05 4.359484847873503e-05 5.002899319190533e-05 4.587148759194905e-05 4.284456905768179e-05 4.2779115753944846e-05 2.963512635043353e-05
256 2816 6.934952562359741e-05 0 0 2.6367248724003077e-05 2.9075510142303084e-05 2.9676372689587655e-05 2.8961078635362703e-05 2.875897205390781e-05 3.122710805800768e-05 3.919768933670271e-05 4.504486813434141e-05 4.1147675536920684e-05 3.8785714164845055e-05 3.849184025715585e-05 2.6606373089015878e-05
257 2827 6.301960770497503e-05 0 0 2.343374621041655e-05 2.6271046582834242e-05 2.7203647974105125e-05 2.615544753031174e-05 2.5947180951249147e-05 2.819516161094069e-05 3.5516723719634945e-05 4.0244942902876765e-05 3.7071828542209144e-05 3.525585733613855e-05 3.455427763108844e-05 2.4007292584740763e-05
258 2838 5.536070959240011e-05 0 0 2.0473602675639732e-05 2.273985080378689e-05 2.3897647187922084e-05 2.2846463346615668e-05 2.2596617946812025e-05 2.3840927229518107e-05 3.0219054856919883e-05 3.483986895056886e-05 3.274740731789258e-05 3.1074986643184526e-05 3.0182070151987728e-05 2.1032023849869258e-05
259 2849 5.282214871291443e-05 0 0 1.9447297821997423e-05 2.1554424932923874e-05 2.2355737414248254e-05 2.188970199102235e-05 2.1639987877376663e-05 2.251444979263567e-05 2.8466190610849395e-05 3.338209222597019e-05 3.1294840358273205e-05 2.9389954298163616e-05 2.8563377876450353e-05 2.0071203785916352e-05
260 2860 5.078735674476967e-05 0 0 1.8331602031401468e-05 2.047382335714251e-05 2.1163137082428183e-05 2.0433683173494046e-05 2.029621444594873e-05 2.1369437641752144e-05 2.7066378484539772e-05 3.1632878956252994e-05 2.983532373435421e-05 2.8732262875063018e-05 2.790311336513477e-05 1.9325341729091566e-05
261 2871 5.013858524498713e-05 0 0 1.8099364634118432e-05 2.013291721293483e-05 2.084136408525433e-05 2.0045046215756047e-05 1.983913847565939e-05 2.1263828979759047e-05 2.653277683303686e-05 3.101630501456985e-05 2.93877136007893e-05 2.8422870262412437e-05 2.824710172999659e-05 1.9456146496034933e-05
262 2882 4.8418676491501214e-05 0 0 1.719610557011379e-05 1.9504550487130294e-05 1.9887815769888263e-05 1.9434302042575874e-05 1.8349187533750403e-05 2.002524414829793e-05 2.5555186031176305e-05 2.9220574147936583e-05 2.8462280051667985e-05 2.752106061626064e-05 2.755858013526692e-05 1.8655910201453257e-05
263 2893 4.727084988760006e-05 0 0 1.6123268977128498e-05 1.831262287805009e-05 1.9145239841103914e-05 1.8903982982103912e-05 1.7489742710584462e-05 1.920822488289593e-05 2.5111646246431857e-05 2.8544635384389945e-05 2.77137087688372e-05 2.6868941467180146e-05 2.7326029288180793e-05 1.8452811371373353e-05
264 2904 4.6145895884272115e-05 0 0 1.5685465528885585e-05 1.793861899016297e-05 1.8124538271041795e-05 1.7993819924773413e-05 1.7083548613322718e-05 1.852388215075774e-05 2.4369893977896576e-05 2.768359755738825e-05 2.6604980494587416e-05 2.6038137613805934e-05 2.639904824127377e-05 1.774127185673488e-05
265 2915 4.488078861411921e-05 0 0 1.536236856985533e-05 1.7054274525898883e-05 1.7316982261635922e-05 1.7353622912036373e-05 1.6338705559776875e-05 1.78726333753912e-05 2.3558337786477727e-05 2.703524945833543e-05 2.5616588297101677e-05 2.5155325385912075e-05 2.6237848454120824e-05 1.751276677710755e-05
266 2926 4.226325540645133e-05 0 0 1.4232374827448097e-05 1.5998654019374846e-05 1.6111309380825187e-05 1.6269461381006283e-05 1.5131061254847824e-05 1.694617274315612e-05 2.2153037964760214e-05 2.5184782701735464e-05 2.3810503489779207e-05 2.359735509606228e-05 2.4470595994096988e-05 1.6461427367793956e-05
267 2937 3.9980570981328956e-05 0 0 1.320167322259191e-05 1.5221166870027049e-05 1.52621524843621e-05 1.5298762691555895e-05 1.4524172628165843e-05 1.6232262011802757e-05 2.082794071785111e-05 2.3552493417484328e-05 2.238768414580008e-05 2.285109941788315e-05 2.3634510692116245e-05 1.5618687631502403e-05
268 2948 3.830239586641525e-05 0 0 1.2645635319617829e-05 1.4586054832223747e-05 1.4446002259650778e-05 1.4466825794838152e-05 1.3894858812581725e-05 1.565823758208393e-05 1.979469832025713e-05 2.2451024270104934e-05 2.1302115010663083e-05 2.180336418127939e-05 2.24745787572221e-05 1.471930556682255e-05
269 2959 3.749549620167066e-05 0 0 1.2128404301653965e-05 1.431354540946859e-05 1.4241485179930088e-05 1.4165760339631606e-05 1.3424135901493307e-05 1.5184871636992847e-05 1.9133242615180402e-05 2.1628274248307898e-05 2.0502706610448967e-05 2.117217708416555e-05 2.193206437583663e-05 1.4189650895829125e-05
270 2970 3.5440705833004714e-05 0 0 1.1312117793543394e-05 1.3295565516638984e-05 1.3424384737755058e-05 1.3157664425167135e-05 1.259307371652584e-05 1.4154725739291585e-05 1.7843983128189086e-05 2.0654953900973844e-05 1.9452871761716714e-05 1.9839625910000757e-05 2.063740984311317e-05 1.328340507147111e-05
271 2981 3.243174261279046e-05 0 0 1.0388741041303271e-05 1.2354994330922177e-05 1.220192993515413e-05 1.211055243802104e-05 1.152695377939695e-05 1.2963661236571929e-05 1.5980163856230094e-05 1.8320381514797186e-05 1.7326659248472564e-05 1.8089420045702677e-05 1.8757886639706448e-05 1.2106366885331722e-05
272 2992 3.185048485288796e-05 0 0 1.0383627606988474e-05 1.234977822706167e-05 1.2009956621559817e-05 1.2016435422941731e-05 1.1336856731498518e-05 1.2470545442069738e-05 1.483730569900682e-05 1.771099867926409e-05 1.7098875681195444e-05 1.7727552191274685e-05 1.8397461143911126e-05 1.188502140159943e-05
273 3003 2.9396737424607385e-05 0 0 9.587758541968429e-06 1.1274369653580505e-05 1.0835683296476713e-05 1.0920835327644375e-05 1.0614148027435635e-05 1.1613404949558639e-05 1.3609147289137278e-05 1.6184598702669563e-05 1.562593017003103e-05 1.6391753527546112e-05 1.6792040723677534e-05 1.0769167634228828e-05
274 3014 2.628952255770586e-05 0 0 8.536526134745943e-06 1.0032464137298675e-05 9.743571341684577e-06 9.600878101416098e-06 9.384080119436161e-06 1.0445389040720499e-05 1.2150339924219156e-05 1.4247423128889844e-05 1.3624899752973438e-05 1.4629458948078285e-05 1.4823620046757206e-05 9.541068404886285e-06
275 3025 2.38539056260379e-05 0 0 7.76563522117599e-06 9.02919689093398e-06 8.75024619688205e-06 8.671816626531463e-06 8.428080808490228e-06 9.392649258261163e-06 1.0915042653017743e-05 1.2993445855624072e-05 1.2341877294547013e-05 1.3115925599776892e-05 1.3107648970552498e-05 8.474100029883376e-06
276 3036 2.4081777259452156e-05 0 0 8.026648179830807e-06 8.937334150843562e-06 8.667706825817259e-06 8.719374345302187e-06 8.514578588272474e-06 9.720727039388764e-06 1.1426224209755442e-05 1.3111794252236505e-05 1.2459043768419165e-05 1.355745422508128e-05 1.333361885627205e-05 8.436823336273469e-06
277 3047 2.3314577444960135e-05 0 0 7.792942906351308e-06 8.768738555510734e-06 8.354468310902944e-06 8.332609984291655e-06 8.198279117475868e-06 9.646818434001945e-06 1.1043542264616738e-05 1.2525157294710236e-05 1.193827794793281e-05 1.3111404737555584e-05 1.2848654501261776e-05 8.088558525925897e-06
278 3058 2.1709740941789167e-05 0 0 7.131563668872787e-06 8.01849923547153e-06 7.784220505435558e-06 7.736550009107e-06 7.450776116808238e-06 8.937981014478517e-06 1.0207847402399044e-05 1.1619588707813316e-05 1.1162310058606847e-05 1.2243623331603555e-05 1.188437493555152e-05 7.438328370241686e-06
279 3069 1.9719670675854607e-05 0 0 6.436163350377172e-06 7.199855170437184e-06 7.025592820759391e-06 6.75390628908861e-06 6.746479860845573e-06 8.068959561287182e-06 9.20485825172543e-06 1.0617348328816314e-05 1.0178369890076667e-05 1.1016116500007362e-05 1.0693760611920555e-05 6.697055478051902e-06
280 3080 1.9011555280141412e-05 0 0 6.082596442056972e-06 6.837059130738915e-06 6.639156163554016e-06 6.46549036078672e-06 6.465323299962122e-06 7.766416817317723e-06 8.827253267767947e-06 1.0225959925062659e-05 9.800729455866522e-06 1.0500695738494625e-05 1.0329702513551698e-05 6.575823487242015e-06
281 3091 1.715909069098539e-05 0 0 5.464852560214936e-06 6.1374614126272155e-06 5.953624460847078e-06 5.762332820909609e-06 5.798632014901248e-06 6.984320675059593e-06 7.825414513667496e-06 9.088276940621516e-06 8.870934619860235e-06 9.505248774188444e-06 9.150661393457912e-06 5.7651835581637825e-06
282 3102 1.541829186072119e-05 0 0 4.878743247431291e-06 5.407522679582993e-06 5.276545375736192e-06 5.141064383225952e-06 5.177471895191377e-06 6.16527154878141e-06 6.98309795803043e-06 8.067676595128093e-06 7.813779553473881e-06 8.225933416665497e-06 8.116328563705058e-06 5.203585521325538e-06
283 3113 1.490314832664561e-05 0 0 4.6947764291247886e-06 5.252516931836832e-06 5.147454077398783e-06 4.903265822439163e-06 4.923279999049507e-06 5.941875143671025e-06 6.588667856616655e-06 7.68913622786904e-06 7.62939771288179e-06 8.035303784803992e-06 7.847793930986786e-06 5.052723532126142e-06
284 3124 1.3613825360232265e-05 0 0 4.250233361771487e-06 4.716957493598094e-06 4.705814089128189e-06 4.430451971448403e-06 4.4671145779013555e-06 5.445253224342272e-06 5.9611272757392e-06 6.962153279895716e-06 6.916411535507637e-06 7.249043768818374e-06 7.14961679312061e-06 4.57357440577615e-06
285 3135 1.2318956524786708e-05 0 0 3.896326069594329e-06 4.267446247964558e-06 4.286601599448815e-06 4.012696692699936e-06 4.064503852969148e-06 4.90870628129964e-06 5.351705580735179e-06 6.3055327278197016e-06 6.251676633889536e-06 6.443602861498059e-06 6.287421215696531e-06 4.038724744020929e-06
286 3146 1.1863444510162888e-05 0 0 3.685043432039087e-06 4.034423830315103e-06 3.962293487649124e-06 3.7872766577402637e-06 3.901344767606555e-06 4.66109905936539e-06 5.152392826824459e-06 6.234684374855878e-06 6.118721343915352e-06 6.1348099567247055e-06 5.948629192848732e-06 3.83609120040039e-06
287 3157 1.0426358834225876e-05 0 0 3.178256010148973e-06 3.474657868390774e-06 3.444127099198981e-06 3.288936847062849e-06 3.4696592137418752e-06 3.984001274044104e-06 4.422741221963735e-06 5.483265539005236e-06 5.3563348129563285e-06 5.410408179410804e-06 5.250487956195811e-06 3.364645315139585e-06
288 3168 9.819068889428516e-06 0 0 2.950383577609656e-06 3.282191081290939e-06 3.2524053192863872e-06 3.1164203189065596e-06 3.2681185558174615e-06 3.7244558950914854e-06 4.097443176233498e-06 5.056996909333802e-06 5.070277896843994e-06 5.089065914440583e-06 4.851817258547204e-06 3.1159220781886757e-06
289 3179 9.713718410338005e-06 0 0 2.947931775483326e-06 3.2811336577853205e-06 3.213919158976379e-06 3.074213955647559e-06 3.254598902976098e-06 3.701698756422017e-06 4.028929295733181e-06 4.883038601944686e-06 4.836841886981664e-06 4.986312258636387e-06 4.754191084243772e-06 3.0357103264735494e-06
290 3190 9.179031826088492e-06 0 0 2.701634441651363e-06 3.076665009267299e-06 3.0027364806060727e-06 2.8990120928655045e-06 3.078611573124232e-06 3.358771435854183e-06 3.7066543458999372e-06 4.596074379549989e-06 4.543285708668753e-06 4.58865506308397e-06 4.452136666507732e-06 2.909452134942845e-06
291 3201 8.55985689456977e-06 0 0 2.4630759660021617e-06 2.8412745227751206e-06 2.805405359347396e-06 2.6383962620903066e-06 2.8642928022872875e-06 3.035168565286185e-06 3.338369286047378e-06 4.248834585556771e-06 4.2422905710608795e-06 4.211195054565713e-06 4.072550837474826e-06 2.7326390777453865e-06
292 3212 8.244045257796997e-06 0 0 2.2790762682619193e-06 2.7029297852521858e-06 2.694266544608417e-06 2.554279456050911e-06 2.85681545723591e-06 2.9814371082560533e-06 3.20161966948398e-06 4.018677438816049e-06 4.007914851470263e-06 3.994810592144081e-06 3.879715597688688e-06 2.630212733974181e-06
293 3223 7.785752890885925e-06 0 0 2.1441776887927577e-06 2.5409166108415044e-06 2.545499507842693e-06 2.447577502899492e-06 2.697299297209614e-06 2.821027769752971e-06 2.970551017309826e-06 3.7520005748029123e-06 3.761068224725962e-06 3.6753639003495962e-06 3.6310823120578677e-06 2.4414051493518367e-06
294 3234 6.9055426260581256e-06 0 0 1.898208540258506e-06 2.2285575414390847e-06 2.1968489445515095e-06 2.1463651477549916e-06 2.3400102331369968e-06 2.4838991286391684e-06 2.619544447898713e-06 3.3305920874575203e-06 3.342002240316039e-06 3.2432394599766364e-06 3.215940529894139e-06 2.1661529601307486e-06
295 3245 6.1688753491830995e-06 0 0 1.681698817747515e-06 1.991278602359114e-06 1.937250076934955e-06 1.8993212222347855e-06 2.0914264087308955e-06 2.215539572483955e-06 2.3369976289464607e-06 2.9247749554468406e-06 2.93889593392172e-06 2.765803147788734e-06 2.7396653036734655e-06 1.901964222762272e-06
296 3256 5.66108390045507e-06 0 0 1.5193959713198785e-06 1.8127029557888816e-06 1.7358236628133226e-06 1.701277878977039e-06 1.923974863308494e-06 1.996859413728002e-06 2.115875970010922e-06 2.681357625804959e-06 2.7052294611477056e-06 2.4903996510845678e-06 2.489247826086168e-06 1.7247692191808433e-06
297 3267 5.288908273006077e-06 0 0 1.44901268831256e-06 1.699516707517069e-06 1.611232580436731e-06 1.6041928314605648e-06 1.751774674432268e-06 1.8219138608732492e-06 1.9674167483015685e-06 2.4707588549331365e-06 2.5310047822238066e-06 2.297258641801394e-06 2.2975866107870873e-06 1.6047712475384382e-06
298 3278 5.224102357401239e-06 0 0 1.422584688257954e-06 1.6477788201649158e-06 1.5464413295924295e-06 1.594446698455753e-06 1.6940693724203931e-06 1.810618226109082e-06 1.9325923452206525e-06 2.412764572526953e-06 2.508304546317207e-06 2.2450562015263125e-06 2.282025375520976e-06 1.6181089573153826e-06
299 3289 5.20710435255407e-06 0 0 1.4139946551683752e-06 1.5942156314023565e-06 1.4930837888380898e-06 1.6255461014015002e-06 1.6764627238653057e-06 1.8000545239189664e-06 1.9249462048214825e-06 2.435980820515827e-06 2.5257628838633305e-06 2.2764189442182635e-06 2.309894435837313e-06 1.613368012010115e-06
300 3300 4.956553308187451e-06 0 0 1.338862093711993e-06 1.5168136490675275e-06 1.428661888280398e-06 1.5665063815320745e-06 1.5777515289324176e-06 1.6904540047153468e-06 1.7596841392273966e-06 2.3257051616027465e-06 2.4020480724392738e-06 2.1486034567660933e-06 2.1903634399709503e-06 1.5099195261579482e-06
301 3311 4.789548021651344e-06 0 0 1.2698254976318355e-06 1.466444886218164e-06 1.3823634645624385e-06 1.514224417093369e-06 1.5232943954887623e-06 1.6304610912782536e-06 1.727822689366131e-06 2.26499079688161e-06 2.3033781154747503e-06 2.0598643682223575e-06 2.0764104950730216e-06 1.4385052426136752e-06
302 3322 4.503270147660616e-06 0 0 1.1903920547815965e-06 1.345911716851502e-06 1.298841226079109e-06 1.4425671280988497e-06 1.411150943912282e-06 1.5261768939480832e-06 1.6083583632462824e-06 2.0810028992284093e-06 2.14061491689493e-06 1.9282591079191763e-06 1.9492115165538013e-06 1.3372445483854562e-06
303 3333 4.273920551159007e-06 0 0 1.1356056087000924e-06 1.2696342835640478e-06 1.2277089734494598e-06 1.3655059018280878e-06 1.3295622949933102e-06 1.408940430733609e-06 1.5038695954805966e-06 1.907893880495927e-06 1.9676044812343826e-06 1.846791344052869e-06 1.8813529501520982e-06 1.2792429581733387e-06
304 3344 4.062228845581066e-06 0 0 1.0481136846719909e-06 1.167168336343313e-06 1.1721001054011114e-06 1.3093583427454307e-06 1.263888286059693e-06 1.3345034582641215e-06 1.4341471652693853e-06 1.800463682852278e-06 1.850021736057985e-06 1.7535446071597864e-06 1.7653578129094355e-06 1.195968766224122e-06
305 3355 3.790244273744392e-06 0 0 9.767605534130093e-07 1.0831624792568551e-06 1.088626704161552e-06 1.210090460926114e-06 1.1924520787691074e-06 1.2370748918624854e-06 1.3449404007176402e-06 1.6472314127175363e-06 1.6908881396402365e-06 1.6216275706283112e-06 1.6310777516154482e-06 1.1010016038045467e-06
306 3366 3.477042128056489e-06 0 0 8.961380566526881e-07 9.89180650330556e-07 1.0002181211895121e-06 1.1197388822741059e-06 1.0895518804506152e-06 1.1186208385433536e-06 1.2253572093625331e-06 1.4785820064902198e-06 1.5436411401170386e-06 1.4564225631394129e-06 1.4681625101305449e-06 1.0129770860902647e-06
307 3377 3.343278130955669e-06 0 0 8.544155731510042e-07 9.398563089108286e-07 9.568714077721587e-07 1.071287953144571e-06 1.052629359911095e-06 1.0595469307751334e-06 1.1774451001326511e-06 1.4245912493809702e-06 1.4677696896291045e-06 1.3702857597636279e-06 1.4097014099828718e-06 9.898615856868998e-07
308 3388 3.471570689101394e-06 0 0 8.88386832249635e-07 9.734330066983881e-07 9.772723943893444e-07 1.0963056282028854e-06 1.0585828725977196e-06 1.1078838130999987e-06 1.235439122207006e-06 1.4824719061682895e-06 1.5139651496113853e-06 1.4261989144448423e-06 1.4903832315739055e-06 1.0523377558142868e-06
309 3399 3.365930657689829e-06 0 0 8.528722632390331e-07 9.331030146462165e-07 9.723878506319609e-07 1.0657803059538631e-06 1.007915701961629e-06 1.0477836141360396e-06 1.1965351319344747e-06 1.4421339522819693e-06 1.457057217912685e-06 1.3754890811169362e-06 1.4430723591725349e-06 1.0204154658525311e-06
310 3410 3.1771585650391712e-06 0 0 7.923073641006872e-07 8.889672762801931e-07 9.187279664778483e-07 1.007851831184264e-06 9.534013999765777e-07 9.577577300890483e-07 1.094574052678523e-06 1.3504496725175503e-06 1.373848027054243e-06 1.2774833407088117e-06 1.3438728970610243e-06 9.513949258502335e-07
311 3421 3.105931257776611e-06 0 0 7.769485918255834e-07 8.71137619431913e-07 8.923409638142732e-07 9.765241759239882e-07 9.387178909953779e-07 9.318281796827159e-07 1.0820154757899966e-06 1.3420834163017943e-06 1.3237129513789473e-06 1.2500627544204332e-06 1.3120436117287291e-06 9.132721764054716e-07
312 3432 3.0800416188930083e-06 0 0 7.754573144664419e-07 8.647236956709234e-07 8.756239539808531e-07 9.56383206699863e-07 9.149408953366904e-07 9.208321709618763e-07 1.090703301667363e-06 1.3332737257884217e-06 1.2871024259305624e-06 1.237970376846263e-06 1.285279146593477e-06 8.835635139369876e-07
313 3443 2.8144799233467478e-06 0 0 7.021581202507459e-07 7.899550828733385e-07 7.979344802849108e-07 8.613264986725794e-07 8.326597076955074e-07 8.435947439904057e-07 1.0062904536331076e-06 1.1950230051405265e-06 1.1702796399545453e-06 1.1055644918632093e-06 1.1717265883389905e-06 8.16558355827548e-07
314 3454 2.657175743771806e-06 0 0 6.661270124457254e-07 7.429970219561864e-07 7.531292945133098e-07 8.046428924483281e-07 7.867546976414089e-07 7.867102566915023e-07 9.145597696868923e-07 1.1151544129597632e-06 1.0980567197724465e-06 1.0455716622805027e-06 1.0799393169985048e-06 7.49414837757394e-07
315 3465 2.6548584123821373e-06 0 0 6.632361277484521e-07 7.458015770161183e-07 7.409711981983135e-07 7.990384019915818e-07 7.778184301934012e-07 7.952879688701904e-07 9.146837751876895e-07 1.105924846068459e-06 1.0698508730422103e-06 1.031955143857724e-06 1.0845731569821247e-06 7.607886633770573e-07
316 3476 2.3747254307776318e-06 0 0 5.950178001211689e-07 6.72688249243943e-07 6.430333090767428e-07 7.031572959810564e-07 6.830453140463169e-07 6.977769246049982e-07 8.117284280715742e-07 9.706062791711683e-07 9.340903888525275e-07 9.119434418940824e-07 9.729481758269072e-07 6.785317588611508e-07
317 3487 2.301365810996825e-06 0 0 5.717046768350603e-07 6.496450424989349e-07 6.325508799987993e-07 6.966359678103618e-07 6.580061505523479e-07 6.713156203023602e-07 7.79197564203251e-07 9.220544143389199e-07 8.752994989390933e-07 8.863347826585671e-07 9.502262200599491e-07 6.583937215158376e-07
318 3498 2.1856562064436744e-06 0 0 5.325907679277765e-07 6.14448779570282e-07 5.950522208714466e-07 6.542455726105691e-07 6.1797557353708e-07 6.261076825776643e-07 7.328425229227976e-07 8.756330363349703e-07 8.23417002919808e-07 8.403698003650941e-07 8.818928425888876e-07 6.133603157635936e-07
319 3509 2.0936180121747178e-06 0 0 5.030215013614672e-07 5.847277619707632e-07 5.585918722177012e-07 6.253583766645168e-07 5.903641971005765e-07 5.895111889588688e-07 6.939460105957362e-07 8.397712764953015e-07 7.925315029749302e-07 7.970119609242267e-07 8.379384366970182e-07 5.883801554442404e-07
320 3520 1.947122724002558e-06 0 0 4.688768380076314e-07 5.404834109694523e-07 5.06784546891391e-07 5.694540156030821e-07 5.44549377071523e-07 5.312977224068462e-07 6.350254001317563e-07 7.814232332363093e-07 7.390911068375945e-07 7.419207449849641e-07 7.804544575760439e-07 5.525413837295514e-07
321 3531 1.828143401835678e-06 0 0 4.336768921536673e-07 4.955294834628038e-07 4.829837869818679e-07 5.560275058388412e-07 5.272308783191106e-07 4.935068218003878e-07 5.861507592448646e-07 7.242673625916793e-07 6.890257483523702e-07 7.023046734625524e-07 7.350057045729252e-07 5.14820676969928e-07
322 3542 1.8770536173057429e-06 0 0 4.4708831702372015e-07 5.123480728498016e-07 4.894687988412156e-07 5.680278563433919e-07 5.617003512713242e-07 5.278815056263258e-07 6.007454143935065e-07 7.405966932648708e-07 7.056679717724715e-07 7.14656296501884e-07 7.440982780724639e-07 5.308885193451466e-07
323 3553 1.8751477057559617e-06 0 0 4.484370392534193e-07 5.163994057559648e-07 4.88346329266819e-07 5.655290148678839e-07 5.706912462349394e-07 5.317794970269283e-07 6.003246660727295e-07 7.337465903975567e-07 6.883793787538332e-07 6.932037262074264e-07 7.330101689671082e-07 5.22999648681238e-07
324 3564 1.790688783682476e-06 0 0 4.2414771940178995e-07 4.804690028666367e-07 4.578610895362568e-07 5.464569177817981e-07 5.537470986875103e-07 5.148574715843779e-07 5.647691885989929e-07 6.987794088079973e-07 6.520241407741512e-07 6.6481356050228e-07 6.92029812608111e-07 4.902601467857353e-07
325 3575 1.766973614932694e-06 0 0 4.104231993853041e-07 4.739052069178094e-07 4.519979301125299e-07 5.392103612775315e-07 5.437787798101715e-07 5.091894292046408e-07 5.5115328172254e-07 6.851431279051316e-07 6.421829040286557e-07 6.621345478056613e-07 6.872446504950824e-07 4.823130751767579e-07
326 3586 1.6379597855232808e-06 0 0 3.7513142633452855e-07 4.374160773841071e-07 4.1908550531690846e-07 4.904762953835617e-07 5.061914617419479e-07 4.7393969131344275e-07 5.0860489493167e-07 6.37255557305099e-07 6.06767358890473e-07 6.154594612584355e-07 6.275548470498196e-07 4.443605067824676e-07
327 3597 1.5016630953080058e-06 0 0 3.4072005775130387e-07 3.971651473638283e-07 3.8126767748708494e-07 4.44275322272174e-07 4.6149067160988917e-07 4.39183498451777e-07 4.668846351772003e-07 5.662950397424361e-07 5.387279950425134e-07 5.630498108686338e-07 5.825567191536081e-07 4.1082223213905186e-07
328 3608 1.4059232422749956e-06 0 0 3.1213687446780664e-07 3.7527460518312664e-07 3.549322062827713e-07 4.0714343297799487e-07 4.34029046573307e-07 4.1135984675087615e-07 4.3895707807199864e-07 5.373770684031241e-07 5.145605969668198e-07 5.322404028227611e-07 5.489582447020791e-07 3.831222900249468e-07
329 3619 1.3900630613938227e-06 0 0 3.0096197883684493e-07 3.643735008479273e-07 3.4313518139753874e-07 3.956403111599393e-07 4.3818387962570844e-07 4.0641061304323447e-07 4.2901532128603967e-07 5.285219662788514e-07 5.072586235599924e-07 5.277089350172597e-07 5.442533598986448e-07 3.769164301610259e-07
330 3630 1.3390954376665896e-06 0 0 2.842305774634096e-07 3.4542726183509064e-07 3.292131465509001e-07 3.814987896841554e-07 4.217177988901415e-07 3.905665026821194e-07 4.131101765542196e-07 5.058419728217364e-07 4.861323776120219e-07 5.051897514591743e-07 5.174996371912785e-07 3.5715857400933115e-07
