% # columns="iteration, evaluation, void, void, void, xmean", seed=165375, Fri Dec 13 11:53:12 2024, <python>{}</python> # scaling_of_variables: 1, typical_x: 0
1 11 0 0 0 0.42290985978920037 0.4132873471442354 0.39566605187744197 0.5888404850984994 0.1943481296905885 0.3308221860085407 0.4394088611934439 0.4114918584863106 0.4747567159239514 0.3818230808349507 0.2170088110799031 0.5847508777661773
2 22 0 0 0 0.42364203311019866 0.3864314071704142 0.24658804068596896 0.7447415700338785 -0.17016665574661988 0.09893425816085177 0.5845892418422327 0.20633910265286384 0.42510233542821707 0.2654628632892255 0.06043865230189496 0.6427686846038542
3 33 0 0 0 0.5351666280263638 0.5304509961660999 0.13212885743225286 0.8126935993982898 -0.4472735173669321 -0.092529287771215 0.40911938909008705 0.2075802536414014 0.31888833006535583 0.24387623080926177 0.1429392607681681 0.6186546401953106
4 44 0 0 0 0.45642089862800006 0.48409002467067086 0.32108324229561874 0.7240256520008008 -0.8742475193642945 -0.09513935701956835 0.17419790923918035 0.1918170330090455 0.25231621388977293 -0.11862975888207253 -0.20414257886793763 0.8645143036365475
5 55 0 0 0 0.4496896621979355 0.39941770793236914 0.3998908605333841 0.8142255461119338 -1.2146931918817738 -0.253818080683556 0.15798441944723554 -0.06102748878934461 0.07681189553328407 -0.005945911256453398 -0.14985458232701854 0.8007585504365335
6 66 0 0 0 0.24011359947707683 0.2075742808720708 0.512394963762459 0.8951881497597621 -1.0020832331662655 -0.20060611223886665 0.12421217227238637 -0.3304514533406562 0.2848865052282253 -0.1411837452406643 -0.4157788533327785 0.47138079283691026
7 77 0 0 0 0.32956236186845617 0.2129495469214691 0.5541022387906688 0.26958789973927577 -1.1150521340768789 -0.1285365721889264 -0.1682618141151647 -0.14171397583617729 0.5051937034548022 -0.004107889231938638 -0.44680643756576083 0.6068649461098689
8 88 0 0 0 0.4569943060231727 0.002396965996716127 0.08077305693865688 0.3615032416824282 -0.8893277532426809 -0.09405363485861673 0.07811040108421013 -0.11741585144886195 0.16011027166745762 0.4993089901023362 0.07431120087312654 0.5692822992146829
9 99 0 0 0 0.06375458818773516 -0.06888640268284363 0.10163843136154421 0.4722030589803109 -1.079569378076904 -0.15465536205621633 0.22985638927712493 -0.10004052420574393 0.23685174139715465 0.35124899272721977 -0.011021298206349145 0.36266764049619327
10 110 0 0 0 0.04390379184548357 0.10351049388020145 0.15949610101181383 0.6972620338596691 -1.1323058262137806 -0.15784105054292677 0.475478189638638 -0.29684576919004824 0.044639231194605 0.3837342484646453 -0.15705033130820895 0.2614702536443412
11 121 0 0 0 -0.018317242020770508 -0.12106763764260547 0.0737552974449813 1.007518428563762 -1.3064013672880443 -0.003474577717250099 0.7374876409210779 -0.7903116637514327 0.4037480459067644 0.25831970040495905 -0.26738803214854784 0.33625351829272376
12 132 0 0 0 -0.1056639680226917 -0.05193100275243881 0.1545909514542108 1.107365467355133 -1.3557538585054811 -0.07776330485221483 0.47263887168942964 -0.6991144401205792 0.4546072501641435 0.3970472884241277 -0.3474122954014977 0.08380248270659879
13 143 0 0 0 -0.050119805664002426 0.27226897403843187 -0.13396161546552982 0.9712238235502131 -1.579611706199924 -0.1478863417846598 0.23619378602722751 -0.6762785678974549 0.6441396638812285 0.4869651062919291 -0.29807937549407365 0.11432131479128903
14 154 0 0 0 0.03885004450374907 0.20322796312257677 -0.05015142810218107 0.9720651617627146 -1.4078739321078004 -0.1836014373113065 0.43689365975946365 -0.7352362052125865 0.5467724626581041 0.6250139023954031 -0.5969317437448669 0.33163354935704953
15 165 0 0 0 0.05621517922446233 0.22809826593224472 -0.45472456908476966 1.1762601402322632 -1.4804779514883175 -0.17244664982441926 0.5229312835777116 -0.9397736195989792 0.6377979239136589 0.7450916112707487 -0.6611027587657602 0.2937439185641281
16 176 0 0 0 0.00507871267122538 0.1652796952880488 -0.32031031361999446 0.9118923972672962 -1.4894084786954758 -0.10792006926782216 0.5301856311658995 -0.945108941349782 0.5772812845399686 0.673957541986561 -0.5602834618699198 0.3170833402439924
17 187 0 0 0 0.11806543633523825 0.014079663950646304 -0.011268807538235781 0.7824272550299455 -1.335686623646738 0.044612440891949434 0.427024868368698 -0.8979872009097678 0.7177687658250715 0.5574602518820019 -0.49667703522678974 0.24460521147855635
18 198 0 0 0 0.09521545697862378 0.23522836999095362 -0.14637875341600254 0.9536178036532802 -1.137456654354348 -0.18459930907662034 0.5058670114630924 -0.8054264749846483 0.6387714238030631 0.2844362657239686 -0.356494399090235 0.4753597015996294
19 209 0 0 0 0.14721659834081913 0.1306277680349092 -0.133790900236466 1.1081305486214281 -1.2854900314049968 -0.13120501773017368 0.48965882430631436 -0.9412746864024146 0.4315382390414992 0.42638476105356016 -0.3532958206357216 0.4006059610822247
20 220 0 0 0 0.14085432746550355 -0.035257636835162504 -0.20077304390920941 1.1100007967110348 -1.5431600661315914 -0.1054957025708587 0.6196286795000673 -1.1820161077833768 0.45004189067472683 0.4126373626962961 -0.3834593440222315 0.390359798543226
21 231 0 0 0 0.19764459661100123 0.030839838277457482 -0.1924817796646059 0.8037695084030769 -1.5653087969884258 -0.037132010616145184 0.49639287693461964 -0.9360002216046704 0.3923318877987474 0.34423037796426637 -0.31022503469311746 0.40377449225668327
22 242 0 0 0 0.24034128195133495 -0.020932798961287642 -0.20216280924725075 0.920762077714037 -1.4778037970733062 -0.06686754308748374 0.43456755247332707 -0.947546509702425 0.4381965604783397 0.44861904068714403 -0.3157639193873235 0.5537984742481789
23 253 0 0 0 0.2891896318664382 -0.11212069782788503 -0.038022550604665695 0.9405849446450081 -1.4659146885722822 -0.01632877549190386 0.26317970127840773 -1.1111232008201057 0.4998279092810009 0.48425882816417876 -0.4217012430810054 0.530758345050664
24 264 0 0 0 0.283512521064649 -0.21422725370046344 -0.0719798082160588 0.8709869984032103 -1.6455269165416202 -0.014309214470777936 0.2589142855828631 -1.0750301841990972 0.6208151618346415 0.6501758074759064 -0.6768895383112266 0.4012410793816762
25 275 0 0 0 0.2690872185614904 -0.3101577560315371 -0.03958192678365472 0.779046494239138 -1.6611829830177312 -0.011550880648485936 0.39336703080446367 -1.1194178110949053 0.6275468255132644 0.6761565994975675 -0.8602473620797658 0.41528583011209813
26 286 0 0 0 0.34086348698216345 -0.36291215215618833 0.09902393336923995 0.6509897498842966 -1.5585502861264604 0.0315367715112428 0.34731731249311965 -1.0531041925376166 0.6144035371609196 0.7003764559693528 -1.0787169674215322 0.5423136065614906
27 297 0 0 0 0.2180455519059757 -0.23603819956522026 0.16002934966744373 0.49710828063128354 -1.4091977939325642 0.2269441713468155 0.3609942328201524 -1.1944343029448539 0.4934437211378536 0.7428004866933615 -1.0486664133674846 0.6131361456095257
28 308 0 0 0 0.2891775224132543 -0.28178188584937724 0.19814626020749043 0.5853229218501723 -1.5538703899300563 0.18303168451469717 0.1891497592543143 -1.1718382553669313 0.4705074561159767 0.618959103759223 -1.103165612315076 0.5825709010530656
29 319 0 0 0 0.2157041174044025 -0.37173743989760405 0.11761632492974258 0.5514781520201258 -1.5168726473492111 0.31543338467789284 0.25912412816326 -1.1405548749847711 0.3307813127281847 0.6918351042060573 -1.0618243306396198 0.47560336148167154
30 330 0 0 0 0.24152007022279376 -0.41324130457370795 0.24495869446743307 0.43383805150420424 -1.5311864757265745 0.34947965258345054 0.23919297112023244 -1.3004878114179326 0.3719981027076069 0.7603223775745738 -1.3111399678862263 0.4283839897539219
31 341 0 0 0 0.25227841253347644 -0.42929386301797445 0.27468636915037314 0.4064124766588928 -1.4522087854575698 0.42013631910955074 0.3079668961310712 -1.2305111307361205 0.46440893761802005 0.6397724094875398 -1.3098521297995194 0.5270641489239201
32 352 0 0 0 0.17232236904995618 -0.33168176138598027 0.23966503348031779 0.45059737307793607 -1.5987241666288312 0.27677758142704306 0.4660131789401868 -1.2296198033136048 0.3952070795583854 0.4723360967161684 -1.3975963119441923 0.5514526563360304
33 363 0 0 0 0.10976871123775277 -0.28496857329891806 0.31316559622614615 0.4321115387739343 -1.5510135408255692 0.37704724512342724 0.3422997577166854 -1.4001301503954513 0.19069891260953367 0.5602536902503215 -1.27129221855885 0.4144490572448911
34 374 0 0 0 0.048015642398338165 -0.1833546286187241 0.3184613699186228 0.24084709633286724 -1.7604364131378871 0.17973825110840697 0.27259586324170215 -1.474163613777108 0.34349058310821773 0.6018531691762055 -1.3284373933663975 0.48084932029497
35 385 0 0 0 -0.050662841989968066 -0.2795335876856295 0.49649668922847773 0.2831433373025369 -1.9405795325091368 0.08299641005575008 0.18656783215875225 -1.4744796571708838 0.3746575123873446 0.45546076346310094 -1.2348248581153474 0.5328894688974123
36 396 0 0 0 0.1458641700822886 -0.20143479522667757 0.3917385425401574 0.1772708828200247 -1.8338171298777681 0.10563436011587601 0.2625780446900012 -1.4123442000394932 0.6114576255418103 0.35980663337806096 -1.2429272238995854 0.45575454607522237
37 407 0 0 0 0.06766605371669232 -0.11495296129425535 0.38371208671644375 0.07363222294979654 -1.9133919004616333 0.1688077384401827 0.15442196867261113 -1.2834825722217815 0.6422526168956647 0.3977664397067024 -1.440639769464574 0.44348684286731815
38 418 0 0 0 0.03427583728186749 -0.08430147537174672 0.36768518118133425 0.12209819848398108 -1.93119554425698 0.20605325355596152 0.20150760003792165 -1.2554765999685802 0.571173939546307 0.36981357399016257 -1.407254203363521 0.35689999969202574
39 429 0 0 0 0.09467693954411072 -0.1336386509281023 0.3456464766836962 -0.00571585280808902 -1.9295259761086203 0.22125609866571896 0.18704132788138098 -1.197925922908487 0.5474629009535285 0.3946073388684131 -1.6099248564350128 0.5303382556348979
40 440 0 0 0 0.0846268476227988 -0.014806028527066861 0.16076740739233922 0.012635848224231565 -1.979564356781762 0.26035449518952 0.25709485578962166 -1.1149123709528388 0.40734836361402 0.4424028004870658 -1.4733195539750648 0.5731847008472625
41 451 0 0 0 0.021642822436290107 0.11468559327520367 0.027877840342189736 0.11801189643852955 -1.8506865670345962 0.26982850292966093 0.40017500696078107 -1.0609534435553734 0.4448262963224344 0.5170152096421131 -1.4884796937214926 0.4835437363502877
42 462 0 0 0 -0.011436110519896556 -0.02434089705445769 0.09478880764882287 0.08565578954825637 -1.9697957650808842 0.18388080544761054 0.5088608984686023 -0.8770465144727061 0.46949416145304534 0.4382427492457039 -1.34095654414077 0.4210267275336812
43 473 0 0 0 -0.02388325940062428 -0.12377693469534229 0.03762689398393371 0.1576440211918931 -2.1057048351456014 0.16092478016658157 0.5774152006899202 -0.788179633616077 0.5101593830862838 0.31305645504623875 -1.2762183969774328 0.4293345620799671
44 484 0 0 0 -0.13135874441145753 -0.0550387573616862 0.031835410407446904 0.20331227108074715 -2.2026057051010643 0.1458694091793995 0.5544653213130097 -0.8435370226084269 0.5478060602056093 0.2453552544228671 -1.288772331010928 0.36961167693825214
45 495 0 0 0 -0.1541194856868429 -0.11658859038293318 0.029333969371860065 0.07984348682175305 -2.3408996950108594 0.0724858545745423 0.47282155426793915 -0.7322230958682456 0.5839587049052305 0.16018768853596893 -1.269310448599663 0.4221315082053936
46 506 0 0 0 -0.22117800252934228 -0.0202907981079537 0.056403976425688056 -0.00853557015756036 -2.4830481654879266 0.09501578546809572 0.6433028643235643 -0.8162251281529002 0.5420793103038446 0.05056011144019186 -1.4068418528933844 0.3731278203243549
47 517 0 0 0 -0.1263601917701643 -0.18565725142949613 0.11152376361519971 0.05999341813189944 -2.5457149803144805 0.048898623135559066 0.5647781769536263 -0.9045095599023181 0.505286902084966 0.028206478324800673 -1.4098215384837003 0.42864964762598057
48 528 0 0 0 -0.13833988045601026 -0.10914614045998225 0.18636326165947845 -0.1278970182245402 -2.6514485903202494 -0.049254887758122645 0.5005582591044575 -0.7729844218671803 0.5475672233928712 -0.09286920413673774 -1.6665684012612725 0.33536203006373966
49 539 0 0 0 -0.28025926359243464 -0.026184019515256673 0.19399070253049783 -0.14347514210311152 -2.7299288282994807 -0.1362380553528747 0.5977357912217202 -0.8680292713699691 0.47789500831028886 -0.10938007296162072 -1.6832534949930686 0.2665575305628766
50 550 0 0 0 -0.27726380476897644 0.10005767574469843 0.12682942961625876 -0.1659225723194309 -2.7186566633517613 -0.1441380819966367 0.6729825508852216 -1.0399405796683379 0.4962246765237698 -0.20810932681402425 -1.8316956881195698 0.17641764780388433
51 561 0 0 0 -0.3271700319603773 0.027797361358629008 0.268469818264147 -0.15457786638268 -2.742286507463327 -0.23122370713348928 0.6674421411302363 -1.1383039193432578 0.539274964461931 -0.3965976009163404 -2.0867283227992295 0.21366900950039566
52 572 0 0 0 -0.3322204805454101 0.2044967197189389 0.04546666063063273 -0.12808403530700718 -2.7088270972831503 -0.24431919547153638 0.7072241789317809 -1.093043194275375 0.6853444460657102 -0.32626818606702757 -2.039762121211984 0.18541757393514802
53 583 0 0 0 -0.2661947117933433 0.10954018960126677 0.0766368765857838 -0.15112209454577272 -2.9105282789374614 -0.31623262582797496 0.5944236233813291 -0.9814545402229494 0.7508081797749343 -0.46249813868582557 -2.0466234987987764 0.276526902201104
54 594 0 0 0 -0.2987373432581785 0.14189798240186752 0.07585042465187813 -0.2473460269214946 -3.0103528665132697 -0.27610089453164033 0.5135968418496693 -0.8078669356057878 0.7539023897264826 -0.5061183986463431 -1.861204138400428 0.31193926142926803
55 605 0 0 0 -0.28553265545908857 0.21429367195901522 0.04050398176201648 -0.33095824490421155 -2.946757196871833 -0.17020804425761954 0.4699364700844646 -0.9551859105172433 0.7158728589217231 -0.47610136110065926 -1.9910278543547615 0.2085950612158072
56 616 0 0 0 -0.3114139767367981 0.31945323071430515 -0.03386844014268974 -0.30919368465331604 -2.943451407104115 -0.13503266673195094 0.45244139645658543 -1.0831396353183378 0.7094543381307895 -0.3748067467513289 -2.0307223414648594 0.2257953102469461
57 627 0 0 0 -0.1779990432721985 0.13285816709178222 -0.0016616808406808362 -0.19814376669848016 -2.7544615321392754 -0.12586445996502174 0.43912832352984693 -0.9162970670606351 0.781371046630418 -0.3680499117729278 -1.8528688543639193 0.29320500771105074
58 638 0 0 0 -0.12348246062719526 0.2369067132306056 0.015195870110980475 -0.2726368818423871 -2.634063462916562 -0.05513894844440964 0.28421238903797535 -1.1360116634543982 0.9142578857133485 -0.22411324805593863 -1.866022295311785 0.2036201489901167
59 649 0 0 0 -0.11794909200535914 0.1667475355057518 0.18560891311392513 -0.2611152842434531 -2.5050310992019607 -0.06428956722053439 0.4024172511808625 -1.017348048162932 0.7989655358199894 -0.17067119750296658 -1.8588326536847772 0.34475976347584564
60 660 0 0 0 -0.13789024946647327 0.0553439089219582 0.12335811551146772 -0.08421649993545824 -2.43664439618249 0.026053805961633092 0.4478545264105502 -0.9863865445196436 0.769166273807192 -0.14787167773900778 -1.6686291395718136 0.37379275877610546
61 671 0 0 0 -0.07012932397809862 0.061857328881539435 0.07703679012682733 -0.07390416419829417 -2.4595082029344533 -0.04991308700938829 0.45582523272984277 -1.176358142023362 0.7815737521664796 -0.0993362709015532 -1.72238483666793 0.30723002386825543
62 682 0 0 0 -0.10309226356024483 0.14503575256947218 0.02429385222253455 -0.16868800406769435 -2.5661313247859963 -0.07846428476225978 0.5221654816758549 -1.1897304142487857 0.6251033215927734 -0.09615312673150173 -1.7198126924827075 0.22790329992488126
63 693 0 0 0 -0.10481890458588357 0.09824133219402054 0.05800210064386654 -0.10855778106512744 -2.5355360174446124 -0.12190060031349302 0.5434095923852968 -1.229538799295474 0.6538600359561121 -0.08211772474783123 -1.803812985297442 0.19299188581793977
64 704 0 0 0 -0.07784739416098395 0.17465712569717023 0.08689183878592764 -0.12921103188209793 -2.5011442224859017 -0.13614707740644663 0.46300051423044003 -1.225814733756463 0.6234169439335718 -0.0847886407414543 -1.962846010477884 0.19551404040671913
65 715 0 0 0 -0.07962603225425502 0.18047328280124933 0.026785855619484537 -0.024994787380963945 -2.487513838478578 -0.13022394716429292 0.4338080305711088 -1.1900294911351026 0.6160933025499586 -0.1624143812244035 -2.0113753922089397 0.25298800067915483
66 726 0 0 0 -0.1849991817093541 0.1979205176764384 0.08737186202186506 -0.06007859003059058 -2.5380824950477314 -0.1340813505116584 0.3958463040325932 -1.1986909915761488 0.6675909494087886 -0.1560736487434304 -2.003455138405239 0.22184673675594527
67 737 0 0 0 -0.17920202116667877 0.23808078285560136 0.06213269073269962 -0.06146654915322717 -2.6033126687419665 -0.23019965319427632 0.4132414995715544 -1.165173548421522 0.7172138270284556 -0.26737816894416205 -2.1414335302698135 0.13020447191387682
68 748 0 0 0 -0.13401104241193454 0.22944762302097077 0.013118720070137896 -0.03156884713607623 -2.568984658097877 -0.24080373925520138 0.43181324188698067 -1.0568944191728764 0.7274887776736588 -0.20730263953685998 -2.1328843629185887 0.1464588063960316
69 759 0 0 0 -0.13955965440583487 0.17177181048102638 0.06858159334185497 -0.011645205300493726 -2.4780767703819024 -0.14868153774558723 0.4205238079793101 -1.101010653253557 0.6513259078225982 -0.10216839645052567 -1.9774002421546093 0.18828462929168574
70 770 0 0 0 -0.19468385290558504 0.14317053182510608 0.09028870883442282 0.029226652292852394 -2.462648274697584 -0.1315150466707252 0.3876493779397421 -1.1328358025198442 0.6173682896851832 -0.02120156298376044 -1.9980948682256376 0.18416417037535415
71 781 0 0 0 -0.20714146191799893 0.1335104551122562 0.07877158485229552 0.005134242084897767 -2.524774855671917 -0.07732598009802907 0.31889036732509607 -1.1887046698469057 0.6014851970248005 -0.06238710961054994 -1.9860845117376607 0.1972602819058223
72 792 0 0 0 -0.22401426614824788 0.1107803308640505 0.029946919409976527 0.0340775906828211 -2.5768821231277683 -0.08313140337723729 0.3274400982193985 -1.2147004721703674 0.5719940588512471 -0.07175935104449438 -2.010780601757996 0.16938929654272122
73 803 0 0 0 -0.1776915066362018 0.09979627256041926 0.044011335417514695 0.02089471682973337 -2.517581055164997 -0.07335651860504838 0.38027293036993665 -1.18669249279647 0.645083204614373 -0.0927134478646064 -2.015838332838358 0.1639372915592724
74 814 0 0 0 -0.19099579973482322 0.11747171858707936 -0.029309135711660612 0.04950378237838963 -2.5900155225417874 -0.11022905827488125 0.46698045794924953 -1.169254240194542 0.6360450500963832 -0.1855208386425067 -1.9782096105382465 0.14826974027109616
75 825 0 0 0 -0.1575664003509511 0.16446986952254367 -0.024151678874899114 -0.009450907252722997 -2.5597206432933577 -0.08464872689384577 0.42885717375977517 -1.253532161100612 0.6174173666868181 -0.17343625150211492 -1.9794468665548124 0.19510118530659848
76 836 0 0 0 -0.10379731886420641 0.12091250658510382 -0.06367111694650315 0.04055970456273009 -2.4671378427980453 -0.05833737581167741 0.44763600765541917 -1.2606601622347904 0.5541239611641839 -0.12669839313852424 -1.9410983388412357 0.23761784495011387
77 847 0 0 0 -0.11951508447890463 0.17615508555423678 -0.07808479510650439 0.010605726863373254 -2.4884087971930255 -0.07174843823383366 0.4586503424836999 -1.2549152432571018 0.568686832751251 -0.09939395130284315 -1.9507173521106669 0.20834409984916372
78 858 0 0 0 -0.09561916406119114 0.1775960767166028 -0.09318282179572238 -0.004387371323457585 -2.5144327925128014 -0.11448650419984113 0.4187542267818107 -1.2751374139798974 0.6243736582507329 -0.1185149083359444 -2.0106473058273453 0.18280839110272298
79 869 0 0 0 -0.0439094261529909 0.19022892565559366 -0.14153984668111708 0.013617938320675208 -2.469451171802622 -0.08637734070446423 0.4447658822924984 -1.276040313336489 0.595357535923775 -0.16112196803181292 -2.0122862300487125 0.24401322911116027
80 880 0 0 0 0.0054573714223075664 0.15327996076100217 -0.11096239613749734 -0.07174705262688892 -2.5321639882475586 -0.10307732089060975 0.4455785806462082 -1.2572219486255867 0.6315700510342781 -0.19742524454555735 -2.030553461800447 0.22078542686953148
81 891 0 0 0 0.005472971444825256 0.09973417226442023 -0.08456221439199013 -0.044190413034409834 -2.5771814604110457 -0.1167690541678329 0.41343014341712647 -1.2429412737056755 0.6239142273641816 -0.21728621642463508 -2.0121281297026385 0.23225893961211544
82 902 0 0 0 -0.015913935801526165 0.12226241641100771 -0.060801746851636265 0.04515404258648541 -2.46469261569026 -0.1604194458567107 0.4420201920314979 -1.2627816230440678 0.5784153901058898 -0.1496701376867282 -1.9972175356283433 0.2411324642597054
83 913 0 0 0 0.00957128030025517 0.1335357519714274 -0.07429712656375627 0.07210677015277633 -2.400910249182069 -0.1582020728351646 0.44926807362712046 -1.3139169273456723 0.5450622364925999 -0.10783649608943113 -1.9800935946578977 0.26974399824841516
84 924 0 0 0 -0.0006555409387873929 0.1511257657068919 -0.09768244058892894 0.032516883420497585 -2.467134073257026 -0.15969491675763034 0.4032272518130042 -1.35397195004361 0.5067909131897672 -0.11282122750906388 -1.9757890251087087 0.29524117135494216
85 935 0 0 0 -0.027866343964066065 0.17432973796260545 -0.11748739380266816 0.0347531033859431 -2.533189923620008 -0.22245550114290316 0.406433588597067 -1.3608412520998905 0.5114504747431319 -0.10627665979140527 -2.0084117100026395 0.22259550795158684
86 946 0 0 0 -0.06793261858972009 0.18532579035278543 -0.10773235624105866 0.08993205207392806 -2.508877404799277 -0.21587788441859931 0.3802385102465051 -1.3525019258728799 0.48589567823648644 -0.06999543749052706 -2.0400154696586315 0.21135247811782484
87 957 0 0 0 -0.07488558669601772 0.1525797202436005 -0.1102721982090157 0.1265563783754511 -2.5120172364363498 -0.18660355714385254 0.3479832691997327 -1.3345460345995919 0.532995632085096 -0.06301512525846478 -2.0188419574083545 0.18513612133263008
88 968 0 0 0 -0.1005283406507195 0.1651242093669501 -0.07873805612845378 0.11054304286289773 -2.4862961796297243 -0.1892426646396235 0.3589496877844005 -1.39193029710849 0.48599196835115743 -0.03569579505802313 -2.010621215405307 0.18316669103900846
89 979 0 0 0 -0.08629925660685207 0.15202413706831275 -0.12550038088755344 0.11210869737204202 -2.544932788904873 -0.20861096097583748 0.3113709735864763 -1.4395282237319669 0.4667139106827294 -0.07117735346853281 -2.0127380529244823 0.18561809970485807
90 990 0 0 0 -0.06353135665021323 0.18117628885556195 -0.11369730663825756 0.05858025174582006 -2.5162123386283892 -0.210643624179273 0.2838796156600024 -1.5161134854749225 0.48038261344028726 -0.0764652337854894 -2.0424683142243967 0.18330712840532887
91 1001 0 0 0 -0.10975924711201257 0.1734942624241547 -0.08968789354162324 0.07876905990267809 -2.5524676915910907 -0.2367290794330484 0.2568449770391573 -1.5625966847486794 0.5219571784172536 -0.10637796689429574 -2.0341127958894565 0.12628681429508937
92 1012 0 0 0 -0.10380775755491319 0.18808900691293834 -0.11356927287496146 0.07726249349988804 -2.578520703620964 -0.238290352646956 0.27038647906712315 -1.561916792664397 0.4984614173496537 -0.1525698257401564 -2.0495433922888964 0.10449026552596646
93 1023 0 0 0 -0.09379130582173481 0.16698579338498445 -0.11594497632949594 0.018024079401751603 -2.632597678270039 -0.23879002340210612 0.32052657122013584 -1.5468804164682293 0.5076456482629919 -0.16186340798691304 -2.0621108927353164 0.10492104705934059
94 1034 0 0 0 -0.09923279023864835 0.09374849113549699 -0.12463357681232397 0.07515975222784996 -2.629571033960163 -0.207423849486514 0.31651195849427155 -1.6014553688427453 0.46501592409626663 -0.13906054573098348 -1.962291758314271 0.12243639360230471
95 1045 0 0 0 -0.10466768693743234 0.12936641634603854 -0.13878733179969457 0.043512289841259655 -2.645667147897262 -0.2041926291410415 0.33062295463828856 -1.6302185318739872 0.42959509802694584 -0.21806435070719724 -2.0671824962289747 0.10643180080094486
96 1056 0 0 0 -0.08589449218187348 0.11213322577189679 -0.1332494178782828 0.13800521943049826 -2.5709016013283965 -0.22769538298874503 0.2851902047827584 -1.677598305882515 0.4123119212610586 -0.2265769433352887 -2.052101253838302 0.16826636771891754
97 1067 0 0 0 -0.06521561147965935 0.16010327552620332 -0.11263899483092742 0.09313380710090288 -2.454340502694328 -0.19516086195858953 0.30546599270337166 -1.7288646712908367 0.3379097396306473 -0.19605213259789445 -2.0627204678187216 0.21958648006473505
98 1078 0 0 0 -0.034186420995079445 0.09435265438029866 -0.12350105273217679 0.11855929713797059 -2.5040516948660088 -0.18642978781771247 0.3176986667526178 -1.7151662425109095 0.33082915492242426 -0.1726337334899549 -2.009646436731091 0.22680425373728155
99 1089 0 0 0 -0.03020706674582532 0.09674214867998002 -0.062023815543150715 0.08737119040938635 -2.5097083839979257 -0.21800415595507208 0.26748401360116364 -1.7027144595065393 0.3221187124009855 -0.11322611159957145 -2.0014259102405303 0.22704849765755641
100 1100 0 0 0 0.010167855414703029 0.05732092335204024 -0.07500051828397582 0.1943156684053352 -2.3834378031494614 -0.20429696123078325 0.26907630110373126 -1.6970197108000422 0.32269939466184117 -0.07776868051503359 -1.9386805913279872 0.31240493277390663
101 1111 0 0 0 0.013743161840978324 0.09061228123570886 -0.10750042505058997 0.16934736980921142 -2.464097080374801 -0.2867267674438556 0.3025049485665558 -1.6519960206654325 0.36484310619007243 -0.10897072161066616 -2.009462799364674 0.2686829980065558
102 1122 0 0 0 0.04339750519151357 0.06835961182942747 -0.0664287887153274 0.14206285234920624 -2.4329207373251585 -0.2826587240063257 0.27919499563778355 -1.7017032400169991 0.36552859746620414 -0.11792695549643645 -2.0194894571241155 0.28531574867646353
103 1133 0 0 0 0.05741517518281366 0.07738343482988491 -0.055804379502379466 0.08042158573599084 -2.470992176506963 -0.27353904922875744 0.27095945271458044 -1.6906226630191579 0.38691071191288906 -0.18143644282514576 -2.040037726560531 0.26404568684772795
104 1144 0 0 0 0.03733099995303286 0.0918487391399028 -0.065197055061483 0.08699119768536792 -2.4727987827678937 -0.27453149233989144 0.2965314753378978 -1.6948721786995522 0.39656843616005827 -0.1697761678592327 -2.0259469979445965 0.26081776443639837
105 1155 0 0 0 0.011829031066271894 0.10056829419554013 -0.10092038890527351 0.13315561471725146 -2.4394343650640917 -0.21934046077760613 0.28624177582416643 -1.6938841469698083 0.3447486561142638 -0.1294770093918102 -1.9955049437024481 0.2643897728869342
106 1166 0 0 0 0.0023580303648269053 0.10622800375264073 -0.07135506283310555 0.08897558293051656 -2.4269531823024657 -0.2050679318991643 0.2761284393395517 -1.7647156766413572 0.288961540977058 -0.12107563450384844 -2.0176515818997474 0.2556442630249497
107 1177 0 0 0 -0.019634563427137004 0.1310777319701808 -0.08238393483707382 0.06267506517529067 -2.458461899823977 -0.19920094898462704 0.2916779817175087 -1.7561318081379884 0.2752123295424497 -0.0995239264550913 -2.0212256305664216 0.21252677131333794
108 1188 0 0 0 -0.08516082152815177 0.1591183070298161 -0.06240346592343734 0.05895811682917276 -2.476884411713754 -0.19384919866266248 0.26642255583202373 -1.8081446248766264 0.23254319210153937 -0.06233763362312792 -2.007418699013536 0.18214133198255428
109 1199 0 0 0 -0.09077429408840738 0.18083983210098942 -0.09632677893576672 0.07595189761593697 -2.4918063417847107 -0.22314480221657218 0.2951533154769487 -1.8092038831669814 0.258262443593082 -0.10800491004495018 -2.018943039199394 0.17882091169179284
110 1210 0 0 0 -0.08753890364290412 0.15150056454089253 -0.0877781933123166 0.06133121334607319 -2.5165135219776573 -0.20569859856443548 0.30696798702140105 -1.805735682081806 0.22300244986986895 -0.10562669917645734 -2.0310659639432416 0.16628930118667
111 1221 0 0 0 -0.06303213454755403 0.15794042165793182 -0.07736830860633886 0.04980529087223246 -2.464436718063407 -0.19679227512683656 0.32217208146760573 -1.8310418813190354 0.1724343041505065 -0.08623057168619566 -2.0288171181364176 0.18143694056164342
112 1232 0 0 0 -0.03420419573042359 0.14047924999315148 -0.09766824103395905 0.0672493976811676 -2.4618487107187237 -0.18946133638173687 0.32473889123773786 -1.7891969776727945 0.20242554679185681 -0.11291141774135924 -2.0469830480584488 0.1882031200757614
113 1243 0 0 0 -0.051581072029143304 0.15922138898720078 -0.11195935376828958 0.09048576129245213 -2.476755319016932 -0.23211749780943047 0.33301424603498897 -1.8063835231900096 0.2368782856290637 -0.15889910981530997 -2.082492116441409 0.16180459697204413
114 1254 0 0 0 -0.03145360495841472 0.12918754069533764 -0.082790326963441 0.10440442573420483 -2.4785974184423605 -0.2672480099023748 0.3069720431586165 -1.8434940689848387 0.20441179569456636 -0.14085629637898092 -2.07509319189056 0.1814588126369071
115 1265 0 0 0 0.004589406116459832 0.12332908603716668 -0.05451535273644932 0.07928748103135319 -2.4499642923804648 -0.2821832834095016 0.31390880222218787 -1.8438173706493002 0.19248034094873173 -0.10243923746099044 -2.08791234496708 0.18782919026703887
116 1276 0 0 0 -0.01480101866401707 0.161982868783058 -0.05353184289127012 0.05253326017560269 -2.4475753265963798 -0.26736817537099206 0.30160237332698886 -1.848694869074708 0.18362113789560877 -0.15068618531493858 -2.1177692605454186 0.18749727053480672
117 1287 0 0 0 0.03529665630749341 0.10433539949191467 -0.06470388657020847 0.04453261943143594 -2.4790980162740954 -0.2693542008912939 0.3042308744530031 -1.8645618814169698 0.1806443099616769 -0.18526503026580474 -2.117617100124135 0.2159011517887462
118 1298 0 0 0 0.042424696807802934 0.07253894635771053 -0.056779465451655665 0.058732020575317144 -2.501993197253003 -0.29095018331988054 0.29945900890186594 -1.8476754641549027 0.18999783325237588 -0.13932094432929795 -2.0942303042483217 0.18965575710640287
119 1309 0 0 0 0.01711521935418466 0.10591446226729874 -0.034262802506718475 0.029718182191687807 -2.495462603110153 -0.28366816104182924 0.2641085638947767 -1.874812438326418 0.1518595745309081 -0.1370557815015391 -2.1331939366747497 0.2087057736767115
120 1320 0 0 0 0.010599253778023295 0.08549683357221442 -0.044572892984287314 0.04205836198309584 -2.5270472397102925 -0.2730674683499488 0.2355713832115484 -1.8788241053642691 0.12718010299705124 -0.115790432645162 -2.140571076370678 0.20207735399817975
121 1331 0 0 0 -0.00637786672470984 0.07850846124912013 -0.023278026771894805 0.02899361444404472 -2.529632711854908 -0.2427060335093375 0.2401763023025751 -1.8904781722766928 0.11928939424673382 -0.11949495251219083 -2.133078158033096 0.18393149336817294
122 1342 0 0 0 0.004196150187564548 0.059534521293061096 -0.021730070615937465 0.04520421153464362 -2.5106417693611833 -0.24356938436904188 0.23017325195559926 -1.8962330373159075 0.11871858144342046 -0.08625422760592918 -2.100430633635574 0.19038230163886466
123 1353 0 0 0 -0.01853163897989081 0.06625182850891456 -0.006273765783457546 0.03003600919705519 -2.508444719023938 -0.22759038762124698 0.20827750525609479 -1.9300684414012028 0.10453828382025292 -0.09189735399256424 -2.1309635452258693 0.16551396789420908
124 1364 0 0 0 -0.026111162017761542 0.048431847731591024 -0.02497152664805918 0.05531333265855147 -2.519768227604632 -0.2110271520732212 0.2012889591125847 -1.9184894202612885 0.08907879749352926 -0.0653657931202381 -2.1249286045359184 0.14873804810757807
125 1375 0 0 0 -0.012073989875067137 0.029407111252502498 -0.02384383659725524 0.05580830563082113 -2.5175516057785994 -0.20322320968703433 0.21326361703775568 -1.9047311257740798 0.10774513225127685 -0.06901413586454849 -2.135477797044512 0.1301578853971792
126 1386 0 0 0 -0.0020391182586248103 0.031186466054221918 -0.023088078956717335 0.06044767693214937 -2.51137459655332 -0.20873753767620495 0.2170395832995781 -1.9174544516367673 0.08311698950941171 -0.0975130483946683 -2.1493514362612975 0.14723343871445932
127 1397 0 0 0 -0.008221651157285131 0.02420132069090383 -0.013017454446632878 0.058949191067362884 -2.5164588977072313 -0.23117488486061383 0.24113733906873996 -1.9286164132870296 0.07506004044378678 -0.08172336775520744 -2.146218996495369 0.1350003505776866
128 1408 0 0 0 -0.007211217302332599 0.029689580323580243 -0.004990883360720318 0.06782828077899095 -2.4952658179159948 -0.23072115500270726 0.2523076426785627 -1.9144743605322443 0.0606909331987204 -0.06313619893923637 -2.1432806242533617 0.1313489569100238
129 1419 0 0 0 0.0028593357963755985 0.021231065080033393 0.007548697121130059 0.06749703251900122 -2.4688575300809372 -0.21033757196154243 0.2389653667504128 -1.911576913656042 0.06056322473896055 -0.07067021317476653 -2.148319425325107 0.1440126257797888
130 1430 0 0 0 0.004475570494301919 0.024725414787224564 0.00923926108416906 0.07038556599816238 -2.4472879651761255 -0.20480251977167635 0.23374433413823006 -1.8941448875495877 0.10080885158652178 -0.06429752392707262 -2.126815142113889 0.15326763694717466
131 1441 0 0 0 -0.022778774764507126 0.035416030888838906 0.0008050065397768799 0.07930343651563586 -2.4654521733300734 -0.2045929376059876 0.24645483143608832 -1.9063644056394569 0.09294651225145314 -0.0720197775260252 -2.122179021365782 0.1338470774534451
132 1452 0 0 0 -0.03200128691324523 0.05416871435354059 -0.011903360955674763 0.06988175577963156 -2.4763459398195407 -0.19350321178314522 0.21999607781582897 -1.9345074714090749 0.06978148182312259 -0.056583829269212835 -2.114763563297155 0.134933925451223
133 1463 0 0 0 -0.030105388868946762 0.04415728144941933 -0.021325170270380344 0.0734302623811531 -2.5131667556302886 -0.21090281195980037 0.19317068149331904 -1.9473622356672056 0.07122960867772346 -0.04706573712943021 -2.1035195156896225 0.13336784285453623
134 1474 0 0 0 -0.02020504529850709 0.026845010863912857 -0.01854145455387996 0.07569578217202323 -2.5032756159441543 -0.20029157760839986 0.18135204027807864 -1.949668464860859 0.08332698405582752 -0.04114861920607249 -2.0933502429116677 0.14119016885507715
135 1485 0 0 0 -0.014654349162159864 0.02095771564323261 -0.023848215650554564 0.07848787096372767 -2.494932578345885 -0.18350016449515408 0.17984525843486324 -1.9574675066852372 0.08290236939230974 -0.05411765876836284 -2.0813229234485284 0.148146662870077
136 1496 0 0 0 -0.020975101364304034 0.01972896817589068 -0.031023154096440513 0.09389012983848843 -2.4954749234893012 -0.1745449760317033 0.18956614479947592 -1.933641505373167 0.07926400108608753 -0.043218341971681264 -2.0693671623137013 0.1513916727624437
137 1507 0 0 0 -0.01798942302406291 0.020830939784120983 -0.009413398039986639 0.07428028454369658 -2.4991173179202852 -0.19879194612152898 0.18902325106563428 -1.9449695427322082 0.0861043262049331 -0.046856216945868 -2.081017118491175 0.15143690225036724
138 1518 0 0 0 0.003268014406719238 0.009307434885707606 -0.0044781799384937745 0.07969156958974068 -2.479831627184236 -0.20597204606266545 0.1904899036107291 -1.9580021389670739 0.06911473836051425 -0.03872684322456138 -2.0995319764038456 0.14600777551891994
139 1529 0 0 0 -0.013130732650545849 0.021769080999398706 -0.004411634601123657 0.08005555664992209 -2.487780861956657 -0.2082680541550182 0.17477401698039255 -1.9663807935843232 0.07998284547425588 -0.03678446843870224 -2.0955006559400204 0.13311105886734156
140 1540 0 0 0 -0.024771228428149848 0.023089825402279527 0.004689437110339525 0.07133100380408747 -2.4933774246374116 -0.20252763831053877 0.1688781788072741 -1.9733128321685538 0.09019480622502836 -0.04595549007099504 -2.092601608108849 0.12957996745181968
141 1551 0 0 0 -0.028893654527851087 0.02232931139933212 0.0052387293672871765 0.0729345733572516 -2.495354104570256 -0.20009973389150082 0.17378676716621616 -1.9734378654092237 0.0866566233651024 -0.04721889329164509 -2.0864053319009015 0.12654844804503734
142 1562 0 0 0 -0.019406905879925877 0.008442473522764254 0.013533801037235282 0.06995209728782197 -2.50166288666571 -0.20602275852788868 0.16562799080960894 -1.9809392967753716 0.08209459341322457 -0.04827141060717379 -2.092339386164909 0.1283485524664237
143 1573 0 0 0 -0.016242554666868803 0.01409519730022974 0.01628948341168239 0.05648291200428043 -2.4966663176703494 -0.20053503603036965 0.17024057153822586 -1.9740112514068795 0.08368752469031625 -0.03655384600072086 -2.0875069336357575 0.12978159405078385
144 1584 0 0 0 -0.021726782006881773 0.011886869397652924 0.01197800845593117 0.06313344642691848 -2.508903568847427 -0.20508504745086417 0.16342592000778328 -1.9741414282014198 0.08380193157188291 -0.03841988200453686 -2.0937928443522305 0.12492008935224291
145 1595 0 0 0 -0.0003630378314671938 -0.0022190843862804014 0.008128040095818304 0.07334481830890784 -2.4919894100747393 -0.20338713282049595 0.17656985780223672 -1.9573726088496208 0.08646892513480814 -0.038708510743346136 -2.0825395074757056 0.14821898215071663
146 1606 0 0 0 0.00903576949046057 -0.014274207081872919 0.01344534855836675 0.07149784084160372 -2.486123532140098 -0.20209281172936447 0.16864541523861612 -1.9765671103624078 0.08380200859142362 -0.04399839567238584 -2.0747286993542238 0.16024404289087424
147 1617 0 0 0 0.018533926392052705 -0.020742472506995114 0.010915253378507602 0.07590031201668286 -2.475762622373323 -0.1910875511168978 0.16220223715525428 -1.9840978297669722 0.07328455707685022 -0.03493916059006604 -2.0574253458726393 0.17259825820177926
148 1628 0 0 0 0.0031921495142078066 -0.008849912454139443 0.00815106847345658 0.07792321924820342 -2.481762044132867 -0.1908253545162706 0.15025079338578176 -1.9959083517344685 0.06287921135834376 -0.023368991581418357 -2.049922619374866 0.17042641165109618
149 1639 0 0 0 -0.005869062247212457 -0.004088883235307437 0.0071314363448898065 0.07230845558937322 -2.4895342700695227 -0.18048052506234713 0.13250791307086643 -2.000969656743815 0.06095384617956467 -0.008633953053697706 -2.0404528390925862 0.16612726220887258
150 1650 0 0 0 -0.0009638873608429112 -0.0004367607342508407 0.001630692738736685 0.059997158482421806 -2.491602486178638 -0.17660211992990915 0.13665092089783915 -2.0085538344611225 0.058836048332439154 -0.007479316127188714 -2.0353210695525905 0.16575090821150631
151 1661 0 0 0 -0.0023447827453721994 0.013153192120225497 -0.008058863795971406 0.06102981465991121 -2.492963331004116 -0.1826211465495102 0.15688027021115566 -1.9963357831836201 0.05430184160484958 -0.01119603182457884 -2.0455623010466497 0.15588808638381088
152 1672 0 0 0 -0.011978756738527276 0.017666534644922807 0.006515194009602786 0.051369888102239136 -2.485193989847826 -0.17258606510951213 0.13988927966238418 -2.0072754748346107 0.04682022268396452 -0.0008150936667251311 -2.048668625371037 0.15641393453581967
153 1683 0 0 0 -0.008556445987800313 0.0020750793244253794 0.012726048399373647 0.05470420190277169 -2.4922004551126617 -0.1802712928880052 0.13804738369781985 -2.0187697617496863 0.03781557313221293 -0.0008445150988392626 -2.0405003305317995 0.1624041795312887
154 1694 0 0 0 -0.0028773325310623077 -0.00013590057834805217 0.013256735875103804 0.058392858002795256 -2.4905828842157596 -0.1802224329153986 0.12960314453243724 -2.0273907538806313 0.022736164737882664 0.009898064356137803 -2.0404856546456296 0.158998889835624
155 1705 0 0 0 -0.012934706292183462 0.007903446382994273 0.005718015980980786 0.06089604673813402 -2.495522893191932 -0.17137318539185215 0.12018668243139279 -2.031621021320811 0.02034659723307266 0.008989638649530155 -2.040774757870675 0.1568123460197023
156 1716 0 0 0 0.004494376335403914 -0.004707456282452355 0.00018480465822013226 0.06979934838921711 -2.48445933896275 -0.1685951582811501 0.1305236661991642 -2.018725197033992 0.027164739359044728 0.000961201489535107 -2.0369970317143484 0.1720423405926831
157 1727 0 0 0 0.006532208744695974 0.00502104456133488 -0.0048839778118120025 0.07223243948685941 -2.4771728920063665 -0.1768501204776056 0.13212504311855044 -2.0339452066953454 0.012721921890346781 0.0038205766299403195 -2.0445110605419243 0.16894514046544673
158 1738 0 0 0 0.0004633389558434016 0.005109555329869415 -0.014480797400450808 0.08536691317891712 -2.4801610873487228 -0.18091013732476727 0.13245186827885 -2.0356514786558497 0.01501831721393062 0.006055729987323043 -2.0323972528369185 0.1744238245948617
159 1749 0 0 0 -0.005310528543156111 0.009776910646563814 -0.008818836968003304 0.07580126636497862 -2.482896709995742 -0.1753500457551294 0.12244536610784217 -2.049255177226364 0.00039557909267697207 0.01129371036044106 -2.0339711662325 0.17446049339743808
160 1760 0 0 0 0.010148010835043977 -0.00014001665256552394 -0.0078307887312619 0.07547582198051818 -2.4768832129551943 -0.17934053400759187 0.13249024226954118 -2.0510201925766225 -0.00352177831885166 0.006167894067447284 -2.0370537257785597 0.17909832586013572
161 1771 0 0 0 0.01015837025778631 -0.0014193234759611226 0.0037226647224367602 0.06238311806021546 -2.4830922800533077 -0.18235579357987894 0.13390460872901644 -2.0533970416858445 -0.014697419531635694 0.008435439992929162 -2.046840612440107 0.1751872591071142
162 1782 0 0 0 0.004284498770138089 0.0018470609295689858 -0.005185854385882004 0.061393359996215945 -2.4968326927726254 -0.18347009805764994 0.12979281652551766 -2.0526339837496566 -0.0019443042786855096 0.0030414374099119526 -2.0406825817753047 0.17486648737897142
163 1793 0 0 0 0.009977113912071386 -0.0018232310925780874 -0.0034263913614040755 0.05845276535222457 -2.4992786361812294 -0.18287588150418252 0.12161006025242888 -2.0492316966551383 -0.0033495657077896967 0.008857744763832925 -2.048462018941739 0.17160021458734523
164 1804 0 0 0 0.007008382564076292 0.0017308575584796216 -0.0023143947139994073 0.05496959229440981 -2.504273676099484 -0.18826403959446236 0.12731450843082623 -2.0490454923483066 -0.005014169556583275 0.0059355184036988026 -2.051387498642272 0.16996183885495597
165 1815 0 0 0 0.0015316285148156824 0.006349056783551539 -0.00042108810779368155 0.05780180161728696 -2.4986101745168354 -0.183564796001626 0.1286660339858386 -2.0390261039754725 0.005799421367122018 0.005738435080023829 -2.045164873392377 0.1694124834010952
166 1826 0 0 0 0.0018606695037194677 0.003685505524687189 0.002172176825845928 0.05755460874826199 -2.496509403891543 -0.17992201201235497 0.12287613280465226 -2.0446556448510207 0.0031599843494673034 0.0029934303823279805 -2.0548078599556985 0.16399532072760578
167 1837 0 0 0 -0.0010576034130092894 0.005451238033271746 0.0026639719183145436 0.055810536444950536 -2.4966097165431265 -0.17910283837219695 0.1132785255591686 -2.058209215417644 0.0031340220010107524 0.0035697908854983766 -2.0495365045042093 0.16359548164361434
168 1848 0 0 0 -0.0026801264270271243 0.005396363067881119 -0.0007371724572383248 0.062118570923995184 -2.4910029981588226 -0.1718682764691891 0.11355966491036372 -2.0568132369061063 0.002220797152935988 0.0020748153803701835 -2.0479706040811183 0.16299246287946992
169 1859 0 0 0 -0.004200606044450109 0.00601529674943653 0.00023747276580084469 0.05928132221011604 -2.4875755082608655 -0.16613114789650962 0.11593600748026102 -2.0543341184211017 0.003016273358729623 0.006088502690421622 -2.0437859270593868 0.16150995400612753
170 1870 0 0 0 -0.006391517938511471 0.011177363882473689 -8.267561759754628e-05 0.05363359028690463 -2.4952134655036997 -0.17347099172182026 0.11798591716386789 -2.0590750641164757 0.0013337504668923098 0.003367785479904004 -2.0524449653583647 0.15417084658244087
171 1881 0 0 0 -0.00711309270309831 0.008906865269118713 0.0018279773522217654 0.06030039198512703 -2.490788388446782 -0.1712745885123883 0.11864113647968827 -2.050789036452657 0.0009357614589388513 0.0007743706421727936 -2.0549006608747247 0.15897030606026386
172 1892 0 0 0 -0.0015384634634582114 0.004029884705021158 -0.0027333025849723917 0.06825452037274102 -2.486307661035552 -0.16943677465208806 0.11295429691803098 -2.0540442295571224 0.0019190423976993393 0.0028710836461396322 -2.046681345292782 0.16651694735927006
173 1903 0 0 0 -0.004840575845254491 0.004934418876194468 -0.0016939619788847674 0.06582261991712894 -2.4914775636904634 -0.17118248107990858 0.10981487528925946 -2.0596570273193824 -0.0038908045087812132 0.00908240585628655 -2.0464109964056956 0.16296973965161393
174 1914 0 0 0 -0.008468757978417093 0.009190584726145761 0.0008864509232143674 0.0625539179050689 -2.489215467919251 -0.1697090350075017 0.10746932311850595 -2.0646880321887076 -0.006479522605574193 0.015764667569797903 -2.043844071959222 0.15889597999735994
175 1925 0 0 0 -0.0028373071134005032 0.004667136828854587 -0.0013549300954672954 0.0636758313318989 -2.488454262918646 -0.1681698439545875 0.11047641710343534 -2.0623252980286626 -0.0063553977793937115 0.014905589135988821 -2.040784480733887 0.16303709075419007
176 1936 0 0 0 0.0018427895737741316 0.002036031815923762 -0.0023625317728765286 0.06187056732756745 -2.4906608213243695 -0.16971194231005965 0.10991905926222165 -2.0622175486285004 -0.00570081375182291 0.014344092344557892 -2.041014207089701 0.1640754931683318
177 1947 0 0 0 -3.277415562716454e-05 0.002044107852370183 -0.0003754672522296018 0.05733055761911566 -2.4947507978927805 -0.16848578957288093 0.10190963395255459 -2.070354203445691 -0.011029497075975772 0.019061598204189095 -2.04145325295778 0.16219378649817404
178 1958 0 0 0 -0.0003630423514113662 0.0008844186819588113 0.00023847393538137945 0.05875699043888234 -2.4913153715049385 -0.1628604755989942 0.09778316117041286 -2.070626363001937 -0.01598197987536962 0.024062371745079268 -2.040940696088041 0.1627314662101678
179 1969 0 0 0 -0.003427359881950716 0.002586825994880781 0.0015246737949990384 0.05615464244053346 -2.4946002669457914 -0.16314148424428562 0.09283455708398207 -2.0763279520175417 -0.018764401119566027 0.02104417931208917 -2.047568224712212 0.15889973200409568
180 1980 0 0 0 -0.002394484265530995 0.006581569044386077 -0.0011491638388541616 0.055400418250072234 -2.4899081922803044 -0.15995753753298914 0.09641810652361738 -2.0722693747821004 -0.019089736860331177 0.02377088091479704 -2.045399532468335 0.15998334916103207
181 1991 0 0 0 -0.0030207277039575185 0.006105033410952819 -0.004311379596758776 0.05928528751945374 -2.4901371420094494 -0.1580578930132587 0.09634691305041801 -2.0679501897329007 -0.01752098855766359 0.02758082811948749 -2.038388537177425 0.16165713412463184
182 2002 0 0 0 -0.004192798303914429 0.005445152625510103 -0.0044400351634090954 0.05834922030799856 -2.491403082007271 -0.1565903277115843 0.09511418280623202 -2.0669046004380536 -0.012949254664119308 0.02552788017685446 -2.038780422433278 0.16006437277373964
183 2013 0 0 0 -0.005270304184753634 0.008408078974855912 -0.006308647848129991 0.059926373773582356 -2.487871088882252 -0.15508875632863808 0.09478488497733717 -2.067711224419995 -0.010202446420145042 0.022384800565779545 -2.0387224575667053 0.16171486688712067
184 2024 0 0 0 -0.0065306208353888215 0.010760856310506524 -0.00675921987928523 0.06139858485983532 -2.4847688065178284 -0.15322530223665015 0.09388614272299647 -2.0674348227679276 -0.008896034647294555 0.020453412837124506 -2.037884584705706 0.16455792732306154
185 2035 0 0 0 -0.007399261555158769 0.011333512462884675 -0.007011752168151237 0.06380687481945568 -2.4835278209857212 -0.15470848964980038 0.0941642897707361 -2.0664828459153544 -0.006735228782331356 0.01760373970531004 -2.039899811052258 0.16474262089781563
186 2046 0 0 0 -0.0040799790920807546 0.006302363828702103 -0.004156055054346211 0.06443323562849754 -2.483311788328919 -0.15641371109047236 0.09545981254104959 -2.0666313029835046 -0.0075885950583999 0.016898125406033367 -2.0405456467216134 0.16595393087128338
187 2057 0 0 0 -0.0042281630091191725 0.006035466779922651 -0.0027186806439234053 0.06646193823468448 -2.480975077438699 -0.15803150719921327 0.09841094421461978 -2.062535585281262 -0.005426518592845127 0.018332821264607547 -2.0421721904970918 0.16346349114673933
188 2068 0 0 0 -0.005109733093477558 0.007299788411418895 -0.003005877087495713 0.06431097426886612 -2.484276310482362 -0.16003674194261205 0.09952230934132002 -2.0649701010456263 -0.006703653221388354 0.01589463878668063 -2.0433986157013604 0.16283770918953716
189 2079 0 0 0 -0.004949536206537618 0.007159167646574238 -0.003740559978600004 0.06497828459537341 -2.486716490371984 -0.16268379837889413 0.10120822090859902 -2.0630407723747695 -0.006943268460951261 0.014081528760368488 -2.0459977933885076 0.1632326546476796
190 2090 0 0 0 -0.00622092659626752 0.006514085227476917 -0.003890237341010062 0.06683514173544951 -2.4865483226584275 -0.1619968991490735 0.09961427276519769 -2.0625090578866625 -0.004323621410809308 0.0151899993850887 -2.044421433808135 0.1625647948325594
191 2101 0 0 0 -0.005487800239880169 0.005160084467597679 -0.003669446720154257 0.0675335446168889 -2.4870924516989033 -0.16396691173803887 0.10060083741956005 -2.064633820620221 -0.0072445253190975695 0.01623935110238913 -2.0446333685474802 0.1618787618962982
192 2112 0 0 0 -0.00347214350680915 0.004290246956178321 -0.003352758119235677 0.06823394013484389 -2.485113664822585 -0.1650661718312658 0.10241924137504337 -2.063936935183887 -0.005054003335315981 0.01363760266305542 -2.045548892478053 0.16272387030973903
193 2123 0 0 0 -0.003982688075764974 0.005376607339050798 -0.0028384300289386725 0.06647704833319469 -2.4848612606748977 -0.16374171725259795 0.102382736639283 -2.0616169450511537 -0.004326103407613951 0.014153989180700623 -2.0476468110098653 0.16135081565346984
194 2134 0 0 0 -0.004036119718944459 0.006825245237709222 -0.00389646618603432 0.06660230747389594 -2.4866519400381173 -0.16664128769560055 0.10348839668908874 -2.061680602902713 -0.0036324307422947334 0.01106667533628259 -2.050792463820582 0.16039686385313523
195 2145 0 0 0 -0.0044329679707073725 0.006848898954032743 -0.0054152042183328464 0.06726380006020743 -2.487072977066583 -0.16447699689076759 0.10199903992375799 -2.062476229625477 -0.006079012424061085 0.01279803855633781 -2.050357366812963 0.16005419486360872
196 2156 0 0 0 -0.004610597824976196 0.006646478094506043 -0.004613463842162725 0.06681583145675121 -2.4872039953591276 -0.1649670904361773 0.10112645655294042 -2.064169869567586 -0.006888458009362725 0.014408893756842844 -2.04847186678451 0.16080871947494527
197 2167 0 0 0 -0.005108157615404385 0.006361740235408594 -0.005065209099370368 0.06773054835564081 -2.486736499057551 -0.16409609091864455 0.10145590630959693 -2.0631972280530038 -0.00644117276863352 0.015158635468418365 -2.04733356079281 0.16065391703023307
198 2178 0 0 0 -0.004682781659397695 0.00606345767914024 -0.005546696716760266 0.06722912564781243 -2.4876152037503134 -0.16434914901092834 0.10159279949868996 -2.0642322619049396 -0.007304828826773008 0.01525042302770922 -2.0479606104805144 0.1599319128924952
199 2189 0 0 0 -0.00535620684884688 0.006363876960763138 -0.0044272274605981305 0.06698146874513455 -2.4865389399492988 -0.1630929777407132 0.10049761866964108 -2.0644684275116636 -0.007218593929055396 0.016453157744398123 -2.0458387593893397 0.16066490033981326
200 2200 0 0 0 -0.005596571590223951 0.005758045796576936 -0.0037938559364807424 0.0661585073001781 -2.487804595975175 -0.16292401738387147 0.09955282392109883 -2.0643197612744073 -0.00639226003961753 0.01604283027892647 -2.045428315075665 0.16084497425556102
201 2211 0 0 0 -0.005119593060019344 0.005230028581784574 -0.0027640271275816003 0.06572278345385628 -2.4867662607953083 -0.162607680110547 0.10038366527623505 -2.062190130484211 -0.0040897756151812015 0.015066748148039563 -2.0457478288197906 0.1613172567310321
202 2222 0 0 0 -0.004757041340978309 0.00545194063524292 -0.003159420747294181 0.06569791924870959 -2.4870237026483815 -0.1634611159548161 0.10093402725609628 -2.0616508319061255 -0.0028486372043336023 0.013299829054950531 -2.04699822306659 0.1608655622097299
203 2233 0 0 0 -0.004261238009994849 0.005367490177363958 -0.003436886886351818 0.06595479519827695 -2.4864690598876633 -0.16360875731974994 0.10138107327616289 -2.0612742744916597 -0.0023349241797438356 0.012715879031714809 -2.047389592023009 0.16113427026607524
204 2244 0 0 0 -0.005148937481056354 0.006202464013927036 -0.003866115128578265 0.06699218558018852 -2.4853501280223673 -0.16255513502176913 0.10084791428892399 -2.062160998346944 -0.0037889617793988853 0.013840061026496138 -2.0466241564409335 0.1612522247516215
205 2255 0 0 0 -0.003822468732502164 0.005530236998115068 -0.003698356405817435 0.0669808111074242 -2.484667397308039 -0.1627159253197324 0.10066752229106173 -2.062687259137639 -0.004894451356970457 0.014968718442118443 -2.0457682139019187 0.1624038734573749
206 2266 0 0 0 -0.003721714538026761 0.005722858834955994 -0.0035137377496564986 0.06579942243081183 -2.4863432801195167 -0.16413459739951886 0.1014999512674899 -2.0629246392991796 -0.005290769661841609 0.014467872002329522 -2.046969945463691 0.16170279439564922
207 2277 0 0 0 -0.003502802387267596 0.005681514846778784 -0.003965066491261504 0.06599257668105797 -2.4862360067904854 -0.1638604787622774 0.1013618434643294 -2.062964215653214 -0.005379856995040263 0.014507640285634945 -2.046816515402287 0.16195636401599944
208 2288 0 0 0 -0.0035857561966761748 0.0056184839662008195 -0.003864709332627871 0.0658867891376569 -2.4864136539650024 -0.1638694297783152 0.1007783256223791 -2.063800084507308 -0.005949852662901952 0.014707265129503766 -2.0468694966528966 0.16176725153696503
209 2299 0 0 0 -0.003793494463406227 0.005757385221394312 -0.004094661743849904 0.0657789331577163 -2.486368928845754 -0.16301528059917414 0.10004144324774106 -2.0636249329627576 -0.005461496687637786 0.014669483928701866 -2.0465806680706646 0.16189622734682294
210 2310 0 0 0 -0.004472402240130602 0.0063004992110996475 -0.0041756024063646325 0.06595964562259 -2.4864645957177367 -0.16299911944387346 0.1002525325191863 -2.0634153917672244 -0.005639839030024113 0.01501896511273971 -2.0458773393999805 0.16208251750814878
211 2321 0 0 0 -0.004541912188440345 0.006363778770532096 -0.004302159653108804 0.06597362900905947 -2.4865761730759175 -0.1631459777711374 0.10009476087645958 -2.064396836741407 -0.006197114719825283 0.014763391224530027 -2.04638506713375 0.1617248152826221
212 2332 0 0 0 -0.004302757046573825 0.006227075227347162 -0.0039002021465209995 0.06562299530123188 -2.486542019034453 -0.16347441305620752 0.10084160586464552 -2.0636015958189855 -0.005384772576967121 0.014096179062465236 -2.046710454379198 0.16166969458892536
213 2343 0 0 0 -0.004590121590144035 0.006363997908710097 -0.003861839478490711 0.06571287071832063 -2.4865935312425984 -0.16351357966079552 0.10097510721312969 -2.0630365439461493 -0.005098849711004286 0.014141560842970429 -2.0468788823899287 0.16143586563951115
214 2354 0 0 0 -0.00434492622163926 0.006341607951462689 -0.003776354899492382 0.0656373014812307 -2.4863599672024126 -0.16341025788539337 0.10116013772775666 -2.0622817345367883 -0.004797682964384165 0.01413725346518942 -2.0466477141087838 0.16200783115347292
215 2365 0 0 0 -0.004505498150059371 0.0064932569754398 -0.003940123261506069 0.06554717077036357 -2.486709479153972 -0.16343058677170544 0.10073679998933821 -2.062854609471667 -0.005244090882193889 0.014395148839339528 -2.0468845682684416 0.1618073244251784
216 2376 0 0 0 -0.004708862868651879 0.0067154177598802295 -0.003922055258755975 0.06560989358768421 -2.486545312648332 -0.16340457235326897 0.10071668810534654 -2.06317804567501 -0.0053997154077176325 0.01418910036292172 -2.0467881054813923 0.16191551373095045
217 2387 0 0 0 -0.004431550586459814 0.006576892993564595 -0.004119971125954755 0.06569887154025958 -2.486509586028449 -0.1634154670791558 0.10099577999040751 -2.0630678172153187 -0.005337954131254829 0.014124927017114933 -2.0468901017139336 0.16177714299367824
218 2398 0 0 0 -0.004454267679428063 0.0064819441293491546 -0.004174984383646368 0.06587929276057242 -2.4864881839338175 -0.16322798687354026 0.10072389380290026 -2.062699397212367 -0.004925794738582547 0.01408461374007326 -2.046804770587681 0.16169771868670607
219 2409 0 0 0 -0.004621447532229168 0.0066505676891271655 -0.004127242914289384 0.06586616189636547 -2.486473887638114 -0.1633028308620911 0.1011234401824703 -2.061903895439533 -0.004329095725316449 0.013892663546938806 -2.046932770997771 0.1616239819472598
220 2420 0 0 0 -0.004440874268713063 0.006592107669249969 -0.004094503969952709 0.06601664485596266 -2.4861251847868306 -0.1633215150337696 0.10126596428679852 -2.061890246819623 -0.004212290708639211 0.013575817593666863 -2.0471360207836464 0.16174309456328384
221 2431 0 0 0 -0.00435161673680084 0.0065518675025849635 -0.004300686901922778 0.06608605974867567 -2.486158564441377 -0.16330828356508564 0.10113092023206784 -2.062286902228312 -0.00466762267645565 0.014065628199220059 -2.046786511666541 0.16181179542631188
222 2442 0 0 0 -0.004313538007529705 0.006493931919112595 -0.004166451101078442 0.06603113024584321 -2.485893206704354 -0.1630304126203613 0.10107614387406547 -2.062250280444116 -0.0047141713908575135 0.014069109081482643 -2.046788773593222 0.16187459127529505
223 2453 0 0 0 -0.004321662574708012 0.006471909963726291 -0.004016968334863599 0.0658550359394901 -2.4860594763859862 -0.16316030020971156 0.10125779092351492 -2.0622033698423103 -0.004727915266779178 0.01396964988148993 -2.047010167671451 0.16168821407238265
224 2464 0 0 0 -0.0044342448973864095 0.006539635671230347 -0.003931697884305567 0.06568546430256583 -2.486236347209577 -0.1632837963212049 0.10115027483729881 -2.0625151302570868 -0.004909261704684282 0.014019607765084034 -2.047051986563647 0.16167484741884092
225 2475 0 0 0 -0.004395898793820516 0.006452163107944007 -0.003942686304159801 0.06582220643207144 -2.486223032516503 -0.16327131252612398 0.10102692809968268 -2.062500802813209 -0.004907337569316071 0.01410762960971829 -2.046981659283084 0.16172838325324823
226 2486 0 0 0 -0.00441628907415534 0.006446519307691311 -0.004108698770088737 0.06588934141848782 -2.4863329582923424 -0.163235468477999 0.10095444065947393 -2.062496620162028 -0.004796295848631113 0.014088584338922704 -2.0468866682631517 0.16171807561478296
227 2497 0 0 0 -0.004328515634551243 0.00644044639272865 -0.004026463398379344 0.06574822771318309 -2.4861683088418083 -0.16313031514568582 0.1009654754460396 -2.0625434210688023 -0.00467976268996556 0.013873406874337284 -2.047046820021024 0.1616561614139204
228 2508 0 0 0 -0.004335906166271212 0.006411331028832393 -0.004014309828192208 0.0658090427581005 -2.4862093256088547 -0.1631573926137357 0.10088816322264804 -2.0625444614180197 -0.004640383506350869 0.013730895566225145 -2.0471576507511458 0.1616715183172671
229 2519 0 0 0 -0.004360974863704998 0.006365745355750912 -0.004015743042165613 0.06590398462880302 -2.4862118040945433 -0.1631936947615106 0.10082411481003438 -2.062625048399623 -0.004711249506582301 0.013876990742827704 -2.0470506822093655 0.16166915769114465
230 2530 0 0 0 -0.004394418224544544 0.006488336883298228 -0.00415783654009869 0.06598957363832585 -2.4861901322927404 -0.16319773128227738 0.10086838937108546 -2.062586634291795 -0.004707449460454447 0.013773896569828007 -2.047137907457892 0.16167569711246257
231 2541 0 0 0 -0.004384865042545289 0.006506139027358092 -0.004186987898394621 0.06596489962416358 -2.4861825702645612 -0.1631626655522125 0.10077832057893886 -2.0627009813632626 -0.0047063235964255185 0.013749756651571896 -2.0471560060262513 0.16168105954813183
232 2552 0 0 0 -0.004371186267953102 0.0064871198758459665 -0.004154317756589578 0.06590542110212265 -2.4861968131818974 -0.16313002016737013 0.100723249677145 -2.0627706517314586 -0.004773915916242031 0.013728398353335482 -2.047333738868518 0.16156245576347283
233 2563 0 0 0 -0.004426781685925529 0.006524056176151515 -0.0042157910481128436 0.06595446497267887 -2.4862573446274285 -0.1631832509029846 0.100831345465732 -2.0627094910206463 -0.004746091531375023 0.013664818016487404 -2.047404229343686 0.16148532084190664
234 2574 0 0 0 -0.004460997701718558 0.006572804433119211 -0.004206781949888284 0.06599686093465758 -2.486241145335018 -0.1632703823420632 0.10094375896461738 -2.0626077949001607 -0.0046491513163335165 0.013602692967912874 -2.0474024036874727 0.16147559779621848
235 2585 0 0 0 -0.004483530858871063 0.006588445212995489 -0.004221744965701807 0.06597014069122889 -2.4862718405848 -0.1632287705311491 0.10082890338279239 -2.0627055755336503 -0.0046644303739600415 0.013599626625158857 -2.0474540608740326 0.16142633156824826
236 2596 0 0 0 -0.004508413209766574 0.006576791640118142 -0.00419897254977933 0.06600303697943548 -2.4862436071337393 -0.16321202844605967 0.10077789793269482 -2.0627467758979794 -0.004644143072412724 0.01353134601818991 -2.0474393777606217 0.1614742972490466
237 2607 0 0 0 -0.00443415180986939 0.006491165412764447 -0.00415621844927782 0.06600145611011063 -2.4862050775253732 -0.1631928306231947 0.10066704744602235 -2.062844591174188 -0.004686732781292277 0.013592690966525966 -2.0473653227072335 0.1615609782268592
238 2618 0 0 0 -0.004397646306555496 0.006396425192256959 -0.004081986770101236 0.06597418662348302 -2.486203381548492 -0.16317542887426684 0.10060999031197859 -2.062889700888397 -0.004701799038133885 0.013593841472157494 -2.047439526032591 0.16149949057450022
239 2629 0 0 0 -0.004377902500251699 0.006368250943861626 -0.004057288917924262 0.06600952194077023 -2.486167327673755 -0.163211372121706 0.10069763544571132 -2.062788110462173 -0.004611971529880467 0.013526636920856643 -2.047427011220416 0.16153333507327103
240 2640 0 0 0 -0.004363251968966702 0.006375688852360279 -0.004103738624483495 0.06603743676375548 -2.486158161215323 -0.16321423848974767 0.10078351129299694 -2.062701651567266 -0.004592441177033363 0.013489628425032813 -2.0475219168273053 0.16146008704331294
241 2651 0 0 0 -0.004319313314529708 0.0063089920155665015 -0.004114628454145697 0.06603688024686441 -2.486144794767814 -0.16314559569048667 0.1006714659433054 -2.0628116229930384 -0.004663241373599756 0.013567026646965562 -2.0475094720824965 0.1614444948605963
242 2662 0 0 0 -0.0042672270047502845 0.006300404081027231 -0.004094195892785848 0.06600597366163521 -2.486120180239401 -0.1631826970419078 0.10073048849266475 -2.062788452304912 -0.00467145069786394 0.013595989239534536 -2.0474788937011135 0.16148968259956886
243 2673 0 0 0 -0.004307867757784624 0.006397387322959906 -0.0041439403506866685 0.06599723441361621 -2.4861267745695943 -0.16319970463881206 0.10080599450858146 -2.0627206971705268 -0.004667069614159831 0.013571258137566445 -2.047533492173183 0.16146271950360347
244 2684 0 0 0 -0.004356507211734791 0.006431944981456112 -0.00415449373073013 0.06603586458339113 -2.4861419438414942 -0.16323933573997482 0.10079727128630031 -2.0627044259038843 -0.004563667767392957 0.01344249494611437 -2.047612763247787 0.16143744485975023
245 2695 0 0 0 -0.0043536941759651756 0.006428650708855176 -0.004129010434695032 0.06604950291670765 -2.4860980062379423 -0.1632199534411776 0.10079466156007003 -2.062700792382932 -0.0045720410783446535 0.01347650156488682 -2.0475661945386694 0.16146282800748823
246 2706 0 0 0 -0.004341613954003244 0.006442597209101298 -0.00418355847873195 0.06610239375046292 -2.4860448411010183 -0.16318854315079437 0.10079033237961937 -2.062698085797106 -0.0045727910400478475 0.013519591970382001 -2.0475240490269635 0.1614646241007322
247 2717 0 0 0 -0.004351321254261818 0.006430122321536312 -0.004195263695358272 0.06610330119440837 -2.486037480587281 -0.16311132343946663 0.10070128692297511 -2.062752423814752 -0.00463332316208615 0.013586809532677265 -2.0474824395798166 0.16146490181397705
248 2728 0 0 0 -0.004405375191513283 0.006440160472896605 -0.0041860599528600285 0.06607760370189128 -2.486097483892932 -0.1630879526919056 0.10066882547041002 -2.0627281264863457 -0.004613350038177402 0.013575468709672791 -2.0475048087272847 0.1614342168085774
249 2739 0 0 0 -0.0043952789561542485 0.006433305652923814 -0.00416426056530788 0.06607716769496455 -2.486073786499975 -0.16307955240279834 0.10065050604899185 -2.0627336901956084 -0.004607199407028702 0.013576406298437706 -2.0475226721837676 0.16142570608766238
250 2750 0 0 0 -0.0044028467410633975 0.006473953906181612 -0.004155249407054574 0.06601795628790928 -2.486108762274897 -0.1631165595871939 0.10069845186588457 -2.0627190324767883 -0.004624621161499632 0.013573206061567936 -2.0475457793178857 0.1614171264805264
251 2761 0 0 0 -0.004390170032592988 0.0064553933620529105 -0.004172844043664326 0.06603389208507178 -2.4861336753195267 -0.16312976408114005 0.10069592667435907 -2.0627326972079594 -0.004659173708152968 0.013610508390485882 -2.047506587303853 0.16143398971843748
252 2772 0 0 0 -0.004414801450264332 0.0064760153597075345 -0.004197988435776637 0.06604858245734115 -2.4861505581647583 -0.16313978823425831 0.10072380397464673 -2.062661422476624 -0.004570774607054456 0.013587710819930056 -2.0474966577344667 0.1614183138713756
253 2783 0 0 0 -0.004398510032274562 0.006468889851131665 -0.004173998263337117 0.06601793629625498 -2.4861292525430114 -0.16312385756709427 0.10070832827715917 -2.062707913477338 -0.004613303807661576 0.01358603417081489 -2.0475170311016417 0.16142557862322118
254 2794 0 0 0 -0.004417313116509769 0.006472152576296537 -0.004164877056253312 0.06601565011224574 -2.486140262394264 -0.163120983648745 0.10068451752057389 -2.0627157455960092 -0.004585323436843289 0.013555017673588982 -2.047552052349483 0.1613966442672471
255 2805 0 0 0 -0.0043924013757665244 0.006446245908504094 -0.0041347121457803 0.06599805464380423 -2.4861089476525016 -0.16309984293910024 0.10066631298830817 -2.0627522594913383 -0.00461485490621484 0.013598116647833789 -2.047496680638262 0.16142646413131842
256 2816 0 0 0 -0.004409220700709769 0.006461741424068839 -0.004157521937657961 0.06601918180062234 -2.4861090054572252 -0.16309660213633034 0.10067739612153469 -2.062753853534346 -0.00464384821972311 0.013615465884462562 -2.047492134476765 0.16142215030423565
257 2827 0 0 0 -0.00441281817902622 0.006484442460010393 -0.004179987104950042 0.06602701908506128 -2.486118177891541 -0.16311067306308097 0.10068341512688053 -2.062764621517151 -0.004661236862396321 0.013610020916694108 -2.0474979365077326 0.16142489910923813
258 2838 0 0 0 -0.004414284800244054 0.006486921970409773 -0.004181028030393462 0.06602134228063843 -2.4861338675709783 -0.16312375273825477 0.10068014482834003 -2.0627627041189815 -0.0046450066297334825 0.013595134990320118 -2.0475126749977033 0.16141843059498948
259 2849 0 0 0 -0.0044092067513633385 0.006474699045854576 -0.004159975455840937 0.06600433336660168 -2.486147072228046 -0.16313974212304677 0.10068801741274111 -2.062741596912906 -0.00462513393846478 0.0135965112400296 -2.047500645483831 0.16143148938758917
260 2860 0 0 0 -0.004413372193985544 0.006477199846871386 -0.004174654677372663 0.06601425332186396 -2.4861410631773637 -0.1631244496109771 0.10067932067281551 -2.062749911217605 -0.004638544935302931 0.013626506362469534 -2.047469838237414 0.1614389728807475
261 2871 0 0 0 -0.004420067519245009 0.00648303467018523 -0.004182271328075059 0.06602757034869243 -2.486140294132369 -0.1631254688705385 0.10067608178272942 -2.062747004609542 -0.004628802443389654 0.013617025809261824 -2.047450693017937 0.16145540721926888
262 2882 0 0 0 -0.004406873728847054 0.006463580448059915 -0.00417781398564623 0.06603869225034494 -2.4861320461309684 -0.16312201182924013 0.10066079855845013 -2.06275340276668 -0.004618283768809504 0.013618333626584723 -2.047455709902895 0.16144579987106317
263 2893 0 0 0 -0.004412012949797177 0.006466060546978507 -0.004162516669472438 0.0660218561238404 -2.4861291700819215 -0.16311114753791625 0.10065171354763969 -2.06276919959767 -0.004628235883623322 0.013624194370340972 -2.047433669981966 0.16146196670194796
264 2904 0 0 0 -0.004421269318261934 0.006480097098364427 -0.004161342230528046 0.06602306069668476 -2.4861310879944973 -0.16311782924991722 0.10066521980151567 -2.0627459877563994 -0.004626512756090654 0.013615456642843506 -2.0474547381643666 0.16145579201762408
265 2915 0 0 0 -0.0044137570745387085 0.006479799135861102 -0.004167789723568583 0.06602361499568218 -2.4861327344810364 -0.16312754505117485 0.10068675809597367 -2.062737001749706 -0.004627826831864661 0.013626321066775202 -2.047431658901632 0.1614700453549293
266 2926 0 0 0 -0.004408455216170406 0.006472829600771208 -0.004166002833629598 0.06601926719790718 -2.4861396665665203 -0.16313073036030223 0.10068764818172996 -2.0627361664604265 -0.004620576096655062 0.013619541594879613 -2.0474372976013195 0.161462084999612
267 2937 0 0 0 -0.004412706977191078 0.006484992534889173 -0.004179682443373381 0.0660183988067292 -2.4861523771850833 -0.16314180344182183 0.1006879639163122 -2.0627489739182314 -0.004621224951266517 0.013596037592627336 -2.0474633005673515 0.16145135187945295
268 2948 0 0 0 -0.004410011535036839 0.0064811488514932855 -0.004176665324736205 0.06601387171836887 -2.4861554278019096 -0.16314412983419613 0.10067892370323454 -2.0627522401653295 -0.004618970877903061 0.013598674202743452 -2.0474622417909054 0.16145621888008446
269 2959 0 0 0 -0.004413084248734782 0.006471909292514738 -0.004164509245691326 0.06601110375533874 -2.4861502402736817 -0.16313462443237398 0.10067794061464423 -2.0627402528975622 -0.004618163793718829 0.013610803034874771 -2.047459159934783 0.16145572846736236
270 2970 0 0 0 -0.004408695079086467 0.006471283718615052 -0.004164045501973131 0.0660168973585976 -2.4861310224335047 -0.16312434060852782 0.10067319251479175 -2.0627511034367054 -0.004626182335952111 0.013618340204475853 -2.0474581542544565 0.16145180158982506
271 2981 0 0 0 -0.004415036446105344 0.006483704366588492 -0.004173330874893913 0.06601933022311184 -2.486142006870777 -0.16313837522341115 0.10068752696823635 -2.062746977491006 -0.004629315617588591 0.013609646582752452 -2.0474707504304375 0.16144646167358634
272 2992 0 0 0 -0.0044236528299833105 0.006491525688875034 -0.00417304860014423 0.06602681982064708 -2.4861313568609775 -0.16313405688169424 0.10069199396392021 -2.0627417173540894 -0.004630560107801692 0.01361751385374504 -2.047461610144128 0.16144836187703837
273 3003 0 0 0 -0.004417435909948187 0.006485153577071781 -0.0041713939607812625 0.06602788433428294 -2.486127695001136 -0.16313332556576857 0.10068690003403855 -2.062747207884371 -0.004626912870414151 0.013610785102017535 -2.0474607949990475 0.16145512666224873
274 3014 0 0 0 -0.004413054676576287 0.006485366103598692 -0.004176625916263118 0.06602967578174139 -2.4861319461349307 -0.16314105481048585 0.1006946347242782 -2.0627470876368634 -0.00463479947074121 0.013619106933242663 -2.0474570891675756 0.16145385321526912
275 3025 0 0 0 -0.004416692089429242 0.006476086528173784 -0.004168356146465084 0.06602648297826794 -2.486134707239976 -0.16312977840703377 0.10068313922495588 -2.062740389665016 -0.00462705308387454 0.013617252515018803 -2.04746092947124 0.16145118011074208
276 3036 0 0 0 -0.004426313483921522 0.006482832908990551 -0.004174062093997104 0.06602928091491292 -2.486134688272914 -0.16311767034177602 0.10066747371862561 -2.062751691448233 -0.004639276832696765 0.013635170715693779 -2.047447214964511 0.1614522190284714
277 3047 0 0 0 -0.004420130146176307 0.006476008122940214 -0.004174380345787798 0.06602979906270044 -2.4861322782270516 -0.16311381414964254 0.10066857099993338 -2.062747135359081 -0.004634303196816814 0.01363260536820195 -2.047450924886695 0.1614470359401344
278 3058 0 0 0 -0.004420135115854127 0.006484576245215715 -0.004179625691617862 0.06602845455172433 -2.486131468965281 -0.16311752202530172 0.10067624032476973 -2.062746380352231 -0.004634985336326771 0.013625131337656126 -2.0474503536886965 0.16145437481833969
279 3069 0 0 0 -0.004422217314256065 0.006484351296898596 -0.004179047985924161 0.06603282529977032 -2.486129220368776 -0.1631166713818296 0.10067388223860319 -2.0627421695692716 -0.004627904714070186 0.013619281556441746 -2.047455502126605 0.16145229419251061
280 3080 0 0 0 -0.00442075169461483 0.006482592067990854 -0.004176168555300448 0.0660255992865417 -2.4861316001385645 -0.16311412405770206 0.10067280548342251 -2.0627459074533223 -0.004633145969508674 0.013618326440305613 -2.04746537878126 0.16144418480984132
281 3091 0 0 0 -0.004419237689246948 0.006484121777474117 -0.004178433283352535 0.06602523062642218 -2.486133291193527 -0.16311746804095556 0.10067484908394912 -2.0627443572308457 -0.004628488032839305 0.013614023900405406 -2.047465629498975 0.16144624197854254
282 3102 0 0 0 -0.004421949163126404 0.0064862437157257105 -0.004180602057515476 0.06602818549091594 -2.486133220059784 -0.16311721591835873 0.10067826514379118 -2.06274198047818 -0.004632700166173146 0.013618109836586205 -2.047463682037766 0.16144571005796618
283 3113 0 0 0 -0.004420289570283469 0.006484118828695294 -0.004182593830030196 0.06602912101674772 -2.4861322489286284 -0.16311254786838608 0.10067181629511819 -2.062747779033432 -0.004639923794059413 0.013625312847736711 -2.047459454317607 0.16144861306485783
284 3124 0 0 0 -0.00441866442935823 0.006484287882681942 -0.004183959482202648 0.0660299014903415 -2.486133668590463 -0.16311606244207363 0.100673485635666 -2.062746627034594 -0.0046378169771988985 0.013623381662115956 -2.0474593974341015 0.16144983070348046
285 3135 0 0 0 -0.004420757589359025 0.006485420481771074 -0.004181903703769591 0.06602961809020029 -2.4861332148794957 -0.16311700179223662 0.1006713835255633 -2.062748803723794 -0.004636860270055809 0.013621376281216473 -2.047460180983211 0.1614500922123368
286 3146 0 0 0 -0.004421273795548399 0.006487624787989367 -0.00418226596744321 0.06603040576547549 -2.486131216646918 -0.16311769760871794 0.1006705277194692 -2.0627548551749917 -0.004642951267069671 0.013625403563495283 -2.047456805117388 0.16145151440814973
287 3157 0 0 0 -0.0044203790979370165 0.006486891785465506 -0.0041826638152052675 0.06602889152287482 -2.4861333318715215 -0.16311814577308364 0.10067196741213141 -2.0627494984347323 -0.00463776462781761 0.013621560784411249 -2.0474611611645717 0.16145000044947236
288 3168 0 0 0 -0.00442112650002143 0.006488492850370019 -0.004182915375821227 0.06602885207568834 -2.486132732455849 -0.16311851454685555 0.10067188197087419 -2.0627508378462087 -0.004641254361945113 0.013624917053403483 -2.047461416243701 0.16144917648273455
289 3179 0 0 0 -0.0044228087652723805 0.0064898220183490065 -0.0041820195282857315 0.06602910516889911 -2.4861294208568423 -0.16311549050795052 0.1006703827502315 -2.062749468964706 -0.004638060931691734 0.013624883206680621 -2.047460222606164 0.16144916853730581
290 3190 0 0 0 -0.004422891757752772 0.006488018021281182 -0.004182331364840046 0.0660310990731594 -2.4861293050409614 -0.16311500508196283 0.10067091179950606 -2.062751135918805 -0.00464192913649223 0.013626854029639677 -2.047461425643752 0.16144629941756233
291 3201 0 0 0 -0.004422070020476676 0.006487152527213286 -0.004180535381478052 0.06603040887101214 -2.4861288130393917 -0.1631164014588078 0.10067244232052738 -2.062750124484222 -0.004639766269883493 0.013623550030232079 -2.047463552087575 0.16144610982588684
292 3212 0 0 0 -0.00442208505568393 0.006486049594499251 -0.004180757084276611 0.06603249010343025 -2.486125719442043 -0.16311271824649032 0.10066976188705506 -2.062750443012435 -0.0046386494214684946 0.013623234930867853 -2.0474623225251563 0.1614471486991272
293 3223 0 0 0 -0.004423548168632501 0.0064863677713622924 -0.004181962981683411 0.06603336249270125 -2.486128007176674 -0.16311386003301417 0.10067017074240539 -2.062749075355098 -0.004637563411257929 0.013622734251920768 -2.0474630652412347 0.1614464288177889
294 3234 0 0 0 -0.004422615229869436 0.006486915269187525 -0.0041830436794704036 0.06603302700022558 -2.4861276057021255 -0.1631133254862025 0.10066955303840525 -2.062751042492955 -0.004639856790065079 0.013623814365130745 -2.047462450164461 0.16144716930685804
295 3245 0 0 0 -0.0044218286548024476 0.00648639508075024 -0.004182054770346733 0.06603280139132005 -2.4861265387480747 -0.1631141412673234 0.10067172871597421 -2.0627500157924934 -0.00463962499223701 0.013623822751330512 -2.047461692809608 0.16144782211091102
296 3256 0 0 0 -0.004422250921079022 0.00648696471373495 -0.004183192497806701 0.06603409550057723 -2.4861265051941595 -0.16311437937927165 0.10067024201171808 -2.0627512432145987 -0.004639394215010772 0.013623831471750822 -2.047461535420166 0.16144792661784613
297 3267 0 0 0 -0.004423922193492788 0.006487835667714731 -0.004182598084834327 0.06603215011769534 -2.486129139738688 -0.16311407240674064 0.1006693658405087 -2.062750708868365 -0.0046382742209519325 0.013622103350330452 -2.047462495550106 0.16144750111210548
298 3278 0 0 0 -0.0044228954758690105 0.006487805709602297 -0.004181959158996339 0.06603110722494994 -2.486129361230524 -0.16311560218865173 0.10067087958045985 -2.0627496411874446 -0.004636353404186902 0.013621928282321866 -2.047459940649699 0.16144960436364642
299 3289 0 0 0 -0.00442251147141974 0.006487857123458045 -0.004181721423877197 0.06602977518879637 -2.4861295442807356 -0.16311462811721178 0.10066933599695356 -2.0627522965264853 -0.004639277366287018 0.0136240171334955 -2.0474582912627985 0.1614506103082712
300 3300 0 0 0 -0.004422192333788039 0.006487431614550258 -0.004181073828005873 0.06602972374835027 -2.4861293589257945 -0.16311478071956406 0.1006684995288559 -2.0627525547307863 -0.004639138227025261 0.013623694560199346 -2.0474599553342365 0.16144968333055798
301 3311 0 0 0 -0.0044226076808487075 0.0064870223965972675 -0.004180676343567621 0.06602897363896464 -2.486129960675093 -0.16311378961674297 0.1006669806187757 -2.062754342024555 -0.004639984106128282 0.013623831336593898 -2.047460257640109 0.1614489431498016
302 3322 0 0 0 -0.004423116292171793 0.00648663666666075 -0.004180908107685199 0.06603056759535035 -2.486129888250072 -0.16311407887134757 0.10066704200401752 -2.0627535808933066 -0.004639593532064127 0.013624050590260457 -2.047459777685596 0.16144878497955306
303 3333 0 0 0 -0.004424099765109279 0.006487743448229325 -0.004180959072573411 0.06603072137689017 -2.486129648448942 -0.16311438837536482 0.10066784255698372 -2.062753333679138 -0.004638846891502461 0.013622378980331876 -2.0474616251416493 0.16144770147826748
304 3344 0 0 0 -0.0044239094643120395 0.0064883288244188255 -0.004182334103693118 0.06603176946791636 -2.4861286933631086 -0.16311365707119507 0.1006668703396987 -2.062754025048566 -0.0046389466668262285 0.013622262209642072 -2.047461984820708 0.16144774803863787
305 3355 0 0 0 -0.004423605305483129 0.006487777053721566 -0.004182360084504713 0.06603100662644394 -2.4861302430627683 -0.16311385247479201 0.10066626144904643 -2.062754498238257 -0.004639436095940143 0.01362247299035642 -2.047461672391823 0.16144783223861758
306 3366 0 0 0 -0.004423550966430349 0.006487936933019955 -0.004182704514727577 0.0660318608691982 -2.4861294746919382 -0.16311401293449773 0.10066624600805109 -2.0627548755955445 -0.004639847811150932 0.01362291561088262 -2.0474613377761286 0.1614480389253625
307 3377 0 0 0 -0.004423973991798371 0.0064883560023656205 -0.00418262448516797 0.06603144085516732 -2.4861298026753844 -0.16311378294055826 0.10066572324646006 -2.0627551040466416 -0.004639909712008341 0.01362286613694805 -2.0474620095726657 0.16144722120557653
308 3388 0 0 0 -0.004424387249739602 0.006488775754959185 -0.004182736597464032 0.0660319131625902 -2.486129046310026 -0.163113249416042 0.1006649604102293 -2.0627555058654985 -0.004639376748413494 0.013622022352441891 -2.0474631780723294 0.16144638153645016
309 3399 0 0 0 -0.0044241201750760736 0.006487777246057037 -0.004181060715598388 0.0660308768828562 -2.4861288328308415 -0.1631131321864796 0.1006651420612428 -2.062756203509193 -0.0046402024726031246 0.01362247934837711 -2.047462545437663 0.16144701429267902
310 3410 0 0 0 -0.004423382795296044 0.006486923540489379 -0.004181076021885735 0.06603155928692823 -2.486128468659446 -0.16311323317084078 0.10066579146195395 -2.062755127364051 -0.004639811724003439 0.013623378805300151 -2.047461080970634 0.16144764213757598
311 3421 0 0 0 -0.004423098297594958 0.006486652386950299 -0.004181339727591428 0.06603152275410971 -2.4861292230586733 -0.16311396120506935 0.10066678955851498 -2.0627541595757135 -0.004639669153388074 0.01362407723407934 -2.047460239198659 0.1614476868844752
312 3432 0 0 0 -0.004422830442353097 0.006486660551905402 -0.004181359201689035 0.06603119241827583 -2.486129646640165 -0.16311444728819188 0.10066739544552192 -2.062754052319975 -0.004639469640688007 0.0136232699485475 -2.047460536125213 0.16144763538408777
313 3443 0 0 0 -0.0044234109470567854 0.0064873488341055 -0.004181757445623331 0.06603159318458797 -2.4861290336524227 -0.1631138949697482 0.10066722250274206 -2.0627537923445303 -0.004638917339814289 0.013622678932027957 -2.0474617143636 0.16144678404811544
314 3454 0 0 0 -0.004422626257891939 0.006486837712345181 -0.00418145866268916 0.066031264871655 -2.4861285721435613 -0.16311373373158516 0.10066728064645986 -2.0627535244062765 -0.004638567449238731 0.013622165717205712 -2.04746185073357 0.16144752000641965
315 3465 0 0 0 -0.004422776301859021 0.006486521253059424 -0.004181434780929143 0.06603150356339128 -2.4861282151491557 -0.16311302260488295 0.1006665724039937 -2.0627539869244744 -0.00463915966622336 0.013622382673228553 -2.047462666729812 0.161446969886218
316 3476 0 0 0 -0.004422756624782073 0.0064862805257550355 -0.004181214733978467 0.06603134986632635 -2.486128503972633 -0.16311303687013567 0.10066633962786416 -2.062754238702444 -0.004639201143736002 0.013622693996767535 -2.0474620622239783 0.1614470545526009
317 3487 0 0 0 -0.004423041142638541 0.006486882333878696 -0.004180762587278672 0.06603052875306706 -2.486128753528876 -0.16311352552524752 0.10066688252109056 -2.0627538832663226 -0.004638423023665204 0.013621891966057205 -2.047462125020252 0.16144721930929573
318 3498 0 0 0 -0.0044229196232228 0.0064868414099596965 -0.004181189221540599 0.06603129398884988 -2.486128710420509 -0.16311381407367959 0.10066717051505458 -2.0627535737298346 -0.004638508001784546 0.013621536204947491 -2.0474626356586088 0.16144702832827543
319 3509 0 0 0 -0.004423024848006435 0.006486977234275882 -0.004181227275832331 0.06603081492056115 -2.4861289587452657 -0.1631134679087687 0.10066711229215916 -2.0627530907688927 -0.004637986860318739 0.013621031712899509 -2.0474634331200323 0.16144653313675825
320 3520 0 0 0 -0.004422747173354115 0.006486610410175894 -0.004180941617265594 0.06603078138211704 -2.4861288942775817 -0.16311350308626477 0.10066705229200693 -2.0627530671481416 -0.004638245200649949 0.013621342615850775 -2.047463152414788 0.1614469447371252
321 3531 0 0 0 -0.004422892931290134 0.006486857719906442 -0.004181434816766214 0.06603172178696086 -2.4861281545288367 -0.1631133439572832 0.10066708239452979 -2.062753192467698 -0.004638173556735678 0.013621063265704347 -2.047463314927977 0.16144686513155637
322 3542 0 0 0 -0.004423120393880275 0.006487195833343992 -0.004181582500037274 0.06603175920563759 -2.4861276418640874 -0.16311259030792688 0.10066666387464486 -2.062753320830117 -0.004638073845531572 0.013620977456400727 -2.0474631192349495 0.1614471240644445
323 3553 0 0 0 -0.004423299194041908 0.006487396488965742 -0.0041814099582335 0.0660313898077257 -2.4861276536393273 -0.1631124712001722 0.10066687147793266 -2.0627528981581835 -0.00463771015408452 0.013621227877764892 -2.0474626737702852 0.1614472170022843
324 3564 0 0 0 -0.004423058976246676 0.006487141486014187 -0.004181580521079384 0.06603194998039345 -2.4861272931052767 -0.16311260149883874 0.10066704300228065 -2.062752925160846 -0.004637843861381775 0.013621612577786511 -2.047462206077905 0.161447386290085
325 3575 0 0 0 -0.004423122647660181 0.006487153314884325 -0.004181820579581476 0.06603205497951127 -2.4861275503054694 -0.16311285823535152 0.10066710069151552 -2.0627532174053753 -0.004637784539467317 0.013621274848070361 -2.0474624640234715 0.1614471013653939
326 3586 0 0 0 -0.004422890436496847 0.006486884904113705 -0.0041815093002252664 0.06603203263686093 -2.4861272849755607 -0.16311278790193523 0.10066721837378703 -2.0627527216660098 -0.004637297305429139 0.013620956639971578 -2.0474624710772913 0.161447422923249
327 3597 0 0 0 -0.00442309504075877 0.006487005187433078 -0.004181385703400896 0.06603154375909591 -2.486127778017082 -0.16311269571856954 0.10066679144006685 -2.0627530808249523 -0.004637481080038116 0.013620581544687625 -2.0474631104037972 0.16144716978782858
328 3608 0 0 0 -0.004422970302381344 0.0064866798140268255 -0.004181431185972814 0.06603165109571024 -2.486128011269966 -0.16311285168729225 0.10066671556621046 -2.0627534170004727 -0.004637827195519645 0.013620885298937185 -2.047463086450447 0.16144695578349896
329 3619 0 0 0 -0.004423003850365035 0.006486533509454303 -0.004181236955242603 0.06603147990007809 -2.486128420090966 -0.16311312530383865 0.10066658598077682 -2.0627536441652556 -0.004637903684751449 0.01362066690227629 -2.047463331379358 0.16144687236670122
330 3630 0 0 0 -0.0044230340497746655 0.006486630643541277 -0.004181275644504721 0.06603142323305349 -2.48612825083839 -0.1631127826720402 0.1006662129539167 -2.06275391480522 -0.004637847623771833 0.0136204421064289 -2.0474635887748907 0.16144674444405513
