% # columns="iter, evals, sigma, 0, fitness, xbest" seed=165375, Fri Dec 13 11:53:12 2024, <python>{}</python>
1 11 0.23879852439684796 0 54.06780457575262 0.46234071058945764 0.43489608892310805 0.2949242354547599 0.6513066083165155 0.10504527685606796 0.28862501473504354 0.4318841840889702 0.3904100362573002 0.43149811271616023 0.2876475249720881 -0.06554265356733446 0.7041747314155626
2 22 0.26169921504412247 0 28.087563761090713 0.3943032271363386 0.32608966581030824 0.4003321805688743 0.8507835986294341 -0.31925302653574245 0.04987034982198202 0.3370413652998813 0.12032720968461996 0.32137859515882444 0.08380951910794521 0.12286983960995913 0.7867255504451603
3 33 0.28793810591045194 0 23.03898830393265 0.43863614301754694 0.7285734213343449 0.006621344102538812 0.8909388642893864 -0.6955238199149238 -0.29627875403683734 0.5585234972824646 0.2587796791833181 0.3338811680632822 0.22343468951667894 0.5428421984499258 0.6671250968712777
4 44 0.338294630913672 0 5.413869863632109 0.27677128584928934 0.46867566935977334 0.5757976346035383 0.9215882890156288 -0.9166028773551602 -0.04140700368456579 0.05035584902915402 -0.12226859007227223 0.018741857245410665 -0.35207068643963124 -0.41409730372693954 0.9988052976539862
5 55 0.38301883766469386 0 3.5938824088349097 0.4251283648013724 -0.02349157459389528 0.5146079300697746 0.9860717247947667 -0.9291163800655537 -0.04258288651701795 0.2343744972099936 -0.22097149459371979 -0.39239275442281757 0.04739230257025914 0.270786058703846 0.7834452311338469
6 66 0.404874146826447 0 2.7937372575684436 -0.037160968158622465 -0.010007953456412144 0.5699145507089696 0.8533156383264899 -0.9050397840140169 -0.06405096615041397 0.052595660915025474 -0.3588516351558794 0.3342813997942835 -0.2915659441772205 -0.6299034699512724 0.1356840408497193
7 77 0.40941800501591946 0 1.3503755977323115 0.7500545473116302 0.04378666895299474 0.5856662266533097 0.15933892466825716 -0.9286163104968144 -0.2909153871848482 0.006435846353616048 -0.053036495724640365 0.8772507171279669 0.12825060326234727 -0.9848024632607778 0.41104217010698846
8 88 0.3888930338467284 0 0.5972870524995517 0.4668710640228869 0.16103417429797617 -0.17434543290097193 0.18628046942669274 -0.8133958475807734 0.23839372695308958 0.2788173031143679 -0.17646879008783822 -0.13213731464235867 0.6294948476018009 0.18365500257589723 0.36099961836023264
9 99 0.36713320074813505 0 1.656628295317734 0.00813777466733595 -0.5098682075510228 0.09182392974613018 0.8751691848456201 -0.7679592461574652 -0.19139679145113764 0.24238686912632396 0.048307344649886605 0.1704312863422171 0.5203980207412111 0.01116806598193082 0.22590328136812277
10 110 0.34544607615081335 0 0.34069864430736385 -0.14854895854806083 0.1144215669602821 0.39664103150944 0.4767908623884383 -0.9049523242865192 0.06022277324708389 0.8334864291875143 -0.19745538585175212 -0.05990996834465423 0.5624727848768823 -0.5551863236624601 0.025222703754796016
11 121 0.36884182338073007 0 0.686655342532334 -0.04659347069764283 -0.19618678478824275 0.137454096890283 0.651850898604834 -0.813159236667508 0.22189044637041136 0.6800062537401524 -0.5122580965623417 0.7886504775173608 0.07061763176502334 -0.28160848291088136 0.2065603225633159
12 132 0.36183600419517614 0 1.3348359829783145 -0.09813639950448455 -0.1828800451110305 -0.04832500689977248 0.9107901334565469 -0.9951371834208055 0.24562024643781372 -0.1773295131553747 -0.44526513863973266 0.512829894725756 0.780500582100446 0.09514598714270361 -0.15305530957129249
13 143 0.3529498048750064 0 0.40421381221226926 -0.14421220260223871 0.4423055713733317 -0.4168514106623112 0.9999916431935943 -0.721974913724611 0.08558759680030031 -0.111077890289346 -0.6106858260656274 0.9949316686529521 0.47588400438239364 -0.3909367348922259 -0.14779696213876828
14 154 0.3276647357907034 0 0.5004296247706099 -0.08331918166764009 -0.018921677569805728 -0.08028324273851656 0.8787760258028642 -0.501281136481728 -0.06701506614102291 0.6675013764629514 -0.842754833061127 0.41335458279654647 0.6384323746023235 -0.42159648914827763 0.3060490716115783
15 165 0.3279313901402564 0 0.5836681532457069 -0.007085429763079763 0.15430135118794658 -0.3699027210046285 0.9735058482340222 -0.44436026303992193 -0.31944850430665817 0.4151232614749612 -0.9652759708347297 0.7447502269451607 0.787375002852216 -0.6840461804522976 0.017593067470804136
16 176 0.29601637465839375 0 0.6816379155430478 -0.2725303548195778 0.09033250791074329 -0.1288390424305747 0.9995821571885005 -0.4168429215541216 -0.35544936180164266 0.41328832398889326 -0.9054999286455594 0.5753767950182519 0.6429940751030314 -0.6885473394422559 0.38155683725223877
17 187 0.2707121852947789 0 0.28375176693993204 0.0035349883254378904 -0.10688036628556274 0.16293692080087557 0.7304109192258741 -0.661138862381405 0.041409730613794604 0.264550722516552 -0.8628459759263264 0.7072820827692936 0.30966803403363286 -0.18738527434795105 0.28710153829309537
18 198 0.2534801973584538 0 0.5629512923762772 0.14639788853700736 0.27349998290498106 -0.2574847337401554 0.9961703703893319 -0.9722849770963614 -0.20550873628204425 0.39138454387156807 -0.6911341790806295 0.49052957189443686 0.01806046654110105 0.09206170965773575 0.7613381840135964
19 209 0.22636637467002607 0 0.2558739921266529 0.09713920275485169 0.20299577200221525 -0.2324375804213288 0.8391044044130836 -0.7784171617612106 -0.15891212371274388 0.836325641429883 -0.8399446802780304 0.2383914501608902 0.5980338413820409 -0.2753160022986842 0.13691098892404951
20 220 0.21830257885546336 0 0.24056649900074226 0.12257293765501556 -0.047526431652785084 -0.2536959729434114 0.9041325717645629 -0.45215710194307146 -0.18696214886957774 0.8435970922346328 -0.9269209047726883 0.47511061609415106 0.4913002985678735 -0.42433780360982815 0.2012468107412018
21 231 0.2053468242838163 0 0.21056494061323933 0.30298498344957703 -0.061811752318441965 -0.20331782119771746 0.7854135259941091 -0.41333684081307887 -0.04660592854955379 0.4151842050573329 -0.8997584506449412 0.36052579255672934 0.3304114441820437 -0.23709795219857024 0.4348612013909435
22 242 0.18480932253704765 0 0.23074708238936198 0.2952835049145083 -0.1345753570986276 -0.24683058980953246 0.8601219487590516 -0.6659305473855024 -0.011470535630380675 0.6492256411539262 -0.9079580112349355 0.5261129338155353 0.39327660135486003 -0.4385971121587966 0.4807328940871939
23 253 0.18199694786793955 0 0.28214718672356426 0.2584441125180057 -0.31028079201980113 0.06955353934033551 0.9980425177551765 -0.5939830690951375 -0.0617995853917058 0.19906741670290637 -0.8131894897796794 0.47139673499536855 0.44308375254208354 -0.3915209438496583 0.4346258556293991
24 264 0.18990664277313396 0 0.25194613631888196 0.24743197956385873 -0.270861021063979 -0.1341746637035533 0.7167450874626761 -0.2863632493117312 0.03258146266826628 0.22427334079623135 -0.91660732957911 0.7006051920837262 0.6234749562168176 -0.9486103970148603 0.37551479991373665
25 275 0.19778654273837745 0 0.2649375286086348 0.305242101490782 -0.2393345671079416 -0.1558080684949635 0.7143509472535181 -0.5940172057366393 0.11362914049325246 0.5116163985393948 -0.9434927044465014 0.6805963858972728 0.7035734263579828 -0.9438209348995252 0.3242813775047844
26 286 0.21123243264215752 0 0.27802639006638435 0.4201728900265935 -0.46906109497803383 0.16551439428218154 0.3953128003126691 -0.4030184823194072 0.04529379496813834 0.29669753293988727 -0.9789675570632563 0.6766572502310939 0.605594713235825 -0.7234067067116903 0.5586441882795632
27 297 0.22589961431852384 0 0.30318511430894024 0.02106807516825765 -0.24033858389693552 0.21042996453377733 0.51639719377112 -0.6810931028574374 0.3794407653764301 0.334182460057703 -0.9162821003306238 0.6175731426145676 0.6475973240157178 -0.9962601917837393 0.46441941990270363
28 308 0.22047254599682012 0 0.41160239298406437 0.26498322438174704 -0.2325789531307536 0.30631900475181845 0.598772777703878 -0.4469150904254353 -0.05511038944777663 0.006529266372571119 -0.9664848222691571 0.5674498040927957 0.7685014543410988 -0.8212544347951636 0.4905450190209748
29 319 0.2126331039830696 0 0.2582593170254025 0.14350819906238324 -0.23681562897453942 -0.07164997086357894 0.6003459713822368 -0.5466665467349412 0.36409164333396576 0.38569973931060253 -0.7702447255773484 0.46761944463906474 0.5422852191486729 -0.9883493117622675 0.3992692057081545
30 330 0.21121621112100686 0 0.23933860479584723 0.1614603689905567 -0.596902919282265 0.3436188010339052 0.6129860316952362 -0.5712872978177157 0.33858580203251515 0.27646630746047984 -0.637587460724605 0.29238045274422025 0.591966058407496 -0.8251603748970806 0.31894877426194634
31 341 0.1999130698002339 0 0.29512021017517537 0.2996884313607002 -0.30735643272991764 0.2115999603324914 0.5127569887321695 -0.9234172729320285 0.5361422440953743 0.2710203334698995 -0.9846251663796366 0.4866984044999996 0.6928915478540264 -0.8667563486755197 0.5489241162866085
32 352 0.1923502864320939 0 0.3020769319889389 0.035302123450276335 -0.1040685036259853 0.45411776932835557 0.5090659542556033 -0.5238737159933311 0.02725079965932642 0.5113320664077677 -0.9977922693567657 0.40210038455358876 0.42733155690112223 -0.6511422458117964 0.6322147527837665
33 363 0.18965037502883136 0 0.26349052384668664 0.060461374642744814 -0.1491809632304755 0.17440621351069363 0.5952242248512273 -0.5556430951742144 0.32839571891584474 0.4247442206600675 -0.5787754082771666 -0.16011468100172788 0.6246711757773318 -0.8726737698752431 0.47512922172039573
34 374 0.19610430250190514 0 0.16467294323883014 -0.0614935094803694 -0.32466170931017235 0.39735871645533166 0.18617589489219633 -0.10175199136322943 0.1875138698503801 0.32578142529198084 -0.6875496536105512 0.5617040647881922 0.4145593099693434 -0.8966029844377146 0.5314022549676743
35 385 0.20731163910920664 0 0.1653595826116672 -0.186978115659808 -0.23237054190709283 0.44304702114492034 0.236675298305525 0.13421574406673908 -0.003940601261683108 0.2549344166637009 -0.5338871658358333 0.3808226784692691 0.4055096597991169 -0.9991634076025124 0.40235333489941777
36 396 0.2058938946653672 0 0.3051583897720935 0.1184592116868087 -0.2620131619642124 0.4803946725428537 0.18272635511560403 -0.38111329564888674 0.2742102268013222 0.1892136964706851 -0.6842807215660918 0.612296412028911 0.36595685600835226 -0.988714567568921 0.4000176837233419
37 407 0.20183061294174817 0 0.25891534449827697 0.07530917850401729 -0.07342347327299895 0.33280794740840136 0.015490864618265932 -0.04277152698016673 0.08018386164393962 0.02460614012130008 -0.9999997617137879 0.7547623536166688 0.337229906789001 -0.5734343848795809 0.44056811233818
38 418 0.18983987199792715 0 0.3316011505607978 -0.057633555295886735 -0.055975675280152376 0.1481450288456389 0.29888958896547213 -0.13108605028682785 0.4382090451921096 0.3466689175452422 -0.7986681963446571 0.3327158041276155 0.2632996951380284 -0.8066581009310831 0.45480306154024125
39 429 0.17822083179742765 0 0.14967418064639101 0.030112655428577315 -0.17021561106529653 0.3212392588852623 0.21284107964974425 -0.15545761455886287 0.20397581399421044 0.12799310626409865 -0.8734392182560786 0.5549845705992045 0.36280190652707517 -0.6723441485357573 0.6601898185306903
40 440 0.17820004769783743 0 0.2970705253240698 -0.08149748036963048 0.09714371573931449 -0.07628703002661363 0.1791936362497621 0.0407268377568859 0.1396464115203872 0.34469649773951083 -0.992822453392277 0.39796818449568916 0.36708756273009185 -0.810185993575153 0.6284353994348911
41 451 0.18017715642433452 0 0.14911768154292956 -0.023080114191970022 0.13090835176843846 0.03924103879789667 0.10257324615750656 -0.31531274178627045 0.3004261878140664 0.5039613332659769 -0.9603512458563858 0.36167764481202896 0.5468510033460667 -0.5719626279396763 0.4479692447705781
42 462 0.18502521403670324 0 0.2783773973138918 -0.07646014728212416 -0.17155635508123757 0.1772258792674615 0.21909543087766897 -0.042520151142517726 0.2274884886579782 0.4612239830629956 -0.8881966227653575 0.3308909790800752 0.34464802412787543 -0.8778480170541758 0.4253239254656359
43 473 0.19245974662111415 0 0.13810741035173185 0.019690132270551552 -0.2526897826253687 0.01611374791501434 0.14513340204449085 0.11003244123052358 0.3086424314751163 0.5374844322173089 -0.8000156160547328 0.3566169699102998 0.38720558043571796 -0.8761830354290296 0.4309488944457936
44 484 0.1897748110234311 0 0.17213761511905526 -0.11428849406534136 -0.14588747757942397 0.2037903977766085 -0.0005054137553408833 0.33645726961934086 0.18381810504178003 0.4397404249973057 -0.7771942112144751 0.5122055579496413 0.12245648688023825 -0.69571268535862 0.33811332060521115
45 495 0.19080192512610847 0 0.20884199771732911 -0.03922066855124412 -0.13252457563407177 -0.10356303229621387 -0.00973433752080935 0.3066932799035893 0.1387667782907126 0.48608362546946254 -0.6394322819719707 0.5068484363763117 0.12492144329263742 -0.705994494126051 0.2993036814537358
46 506 0.1943207482216776 0 0.15199442692882134 -0.2558668037153833 0.039917876531547825 0.13093243250720554 -0.05960794154221652 0.41213917829040625 0.09757994860313336 0.7247050726080233 -0.9101713362530699 0.46067426573693077 -0.15673764988960454 -0.5956059961711404 0.409176174478551
47 517 0.18740473211510628 0 0.1792760874192846 -0.1867626569577199 -0.03279645044285671 0.10095557678048196 0.00237574730332046 0.5214522656492306 -0.14868999773282124 0.6647464313008103 -0.9182100226971309 0.6037570435838007 0.026089407377710275 -0.3574267489246967 0.3046212400935978
48 528 0.19390878329405645 0 0.11817988791587995 -0.12111669781729983 0.024766980644935543 0.21879652781218065 -0.06654398251611417 0.4270380317503131 -0.03810011789683736 0.41246278721676766 -0.7565901189695748 0.4675213292518688 -0.05805082174344948 -0.4934977181870266 0.41968552777433155
49 539 0.1994158549081761 0 0.1488495219436312 -0.3535997135788257 0.06948798222881009 0.07369346309856313 -0.005383376119913602 0.5187322451312313 -0.12230387880721383 0.4931681392303618 -0.7714135468421536 0.5908940535948591 -0.028242562457737153 -0.5460136219157707 0.308460447059423
50 550 0.20937458725879143 0 0.2547206417559303 -0.18301255147362072 0.09473244038543467 0.008862306890419364 -0.14951937763108084 0.6393011537336276 -0.16992453572414143 0.6119381739262753 -0.9861082252062177 0.6766821149539358 -0.27300007726845243 -0.37182599291364893 0.21979779485333176
51 561 0.22834035832519614 0 0.0922827289831834 -0.1753772075607613 -0.0488427479364289 0.2695749450125745 -0.08960260642260848 0.6971867608100818 -0.40644530129354367 0.6161396574291543 -0.896443056367612 0.6335330227818214 -0.3628681445103439 0.10594237809042673 0.1712403394370053
52 572 0.2284650067216088 0 0.2145719053211887 -0.362722012730286 0.14854376202956382 -0.004702699105821828 -0.16893919453015369 0.7337676427009606 -0.26015034136449894 0.8611245684708881 -0.967687166303558 0.6850729730178453 -0.27699846662457717 -0.2171408912675441 -0.024464031791325502
53 583 0.21970937483194136 0 0.23131299735647595 -0.08069803183810303 0.07545330363779382 0.04403898099971179 -0.2919778730380877 0.7762295026942557 -0.3081940145017736 0.6268509107379296 -0.9109503332988248 0.7717656892633613 -0.42398788945576843 0.08963076987186547 0.3487772010542185
54 594 0.20894708443921736 0 0.1808837828764668 -0.2408908879324484 0.0998352353502985 0.06025302067783846 -0.18945636830459817 0.9782154150957068 -0.355482636785512 0.49635821940259733 -0.6392413289543886 0.8389404656852514 -0.7206880510229496 -0.4239224120015981 0.42332305366877254
55 605 0.1963440558124506 0 0.09932242833491199 -0.2683842879480316 0.2888484363595094 -0.013278129118915252 -0.3606319295125667 0.7617825152336207 -0.11745234397158896 0.5643128885670694 -0.8623419397043506 0.6596320203250066 -0.44722330170000635 0.18768424392521332 -0.07668743326729166
56 616 0.1867849712440058 0 0.21290182030003554 -0.3335382556208608 0.31428786971138517 0.16619158894289837 -0.3460164157730766 0.8721646848736108 -0.26672208317310714 0.5898416170673474 -0.88375516545583 0.6097809492545188 -0.4336729807410585 -0.06481701160963382 0.3180016886275019
57 627 0.16915821294415403 0 0.12513138783782202 -0.18323039290734908 0.24140491477191448 -0.1624000562088436 -0.15066479980970435 0.6649842147249897 -0.21293146191801332 0.4481591828434947 -0.753934728351158 0.9216249462185586 -0.2929217692427679 -0.46946793951075816 0.26255225352049066
58 638 0.17204726577686572 0 0.1268822035200244 -0.1776232391906759 0.2625328519958685 -0.08630816292937993 -0.2725987574935362 0.47561845283223203 0.10092845748555987 0.32304135121567423 -0.980688864887146 0.9754988502579975 -0.2228657654296061 -0.2484464508771973 0.19358246845171714
59 649 0.16586159617664986 0 0.07917504670278758 -0.08025072422212164 0.04548576304915941 0.17873598188999257 -0.17070753236960295 0.25761040399544877 0.05437068920371839 0.4608204733028159 -0.9310357469412875 0.6574374795906897 -0.0032542215509829275 -0.3199150109851576 0.3572132476127339
60 660 0.15843428593312447 0 0.15033438165285806 -0.10794198058898855 -0.11952730737137754 0.1781631682501763 -0.04241561857450318 0.2648655360590735 -0.023126043581046273 0.45842299631961536 -0.8939861531441692 0.8256090607785052 0.07351377453959052 -0.4796149234931417 0.33248369477713113
61 671 0.15027852341416076 0 0.07848344681250112 0.05804192749209089 -0.05418591636311229 0.13447746627987286 -0.029505753322683355 0.22659386569391415 -0.050680210932940103 0.3489044300552453 -0.9077810349964635 0.8707950007154102 -0.006326648193380913 -0.3410430530285815 0.28823332113498135
62 682 0.14510227711340623 0 0.08788710132250907 -0.0893500754387658 0.2106732429875425 -0.07506061340321903 -0.14667750172373717 0.41606183670744157 -0.060106360526910305 0.47957160018558564 -0.7939852457302263 0.5981051261805875 0.03743650262571302 -0.384901169489253 0.16880436294183576
63 693 0.13528007775213235 0 0.08642915118354508 -0.039587012215560935 0.03261417883423262 0.021736296628029714 -0.17023475626691853 0.41962420923117394 0.006385559362490689 0.6493833246859773 -0.9503875822686965 0.6519490577203103 -0.1097310603882889 -0.29418931872796095 0.17596041888599018
64 704 0.12839284290816944 0 0.08181187475550938 -0.04464840354728409 0.11534792742013006 0.09356618967496981 -0.18250138009270833 0.5416263536088448 -0.1510501923244282 0.39938367836203487 -0.9794954555145339 0.7628337659338349 -0.2095304007107705 0.018435022343266994 0.09693337784176356
65 715 0.12543464244306898 0 0.07725939343502734 -0.07899290265678964 0.2678780738260988 -0.06411893311771898 0.03884659770106119 0.18459665260477198 -0.10799144728440264 0.4835551641555447 -0.8948449243819101 0.5989452380938536 -0.1228685432778794 -0.1565470860753546 0.33695919697147536
66 726 0.11649981246743159 0 0.08016346816328539 -0.17933952045433268 0.22938376563000684 0.08577732285055759 0.007230653239290001 0.3038232126082905 -0.09151189204519695 0.3404464277481262 -0.9301136196255682 0.6413589328724822 0.012095053036600079 -0.17656025192236457 0.18499425784592144
67 737 0.11729206928948423 0 0.08099665779693219 -0.10980261619793268 0.1803752959368593 -0.0011090901941928077 0.027583723043249762 0.49863183958552026 -0.25353688539805586 0.3957005345441516 -0.9622588953000556 0.7150681859527304 -0.3139445636991086 0.06535675132805707 0.176996694047646
68 748 0.11625901156494511 0 0.0772975908008069 -0.14157465618920279 0.29069950281680484 -0.10889666776285026 0.09056606906664261 0.46546148249133523 -0.2908602174490236 0.4998509863521491 -0.9444561011469713 0.7607738163772978 -0.24738656144938312 0.04399526045434499 0.06245320419078512
69 759 0.10376729534834318 0 0.07305333657022504 -0.1762060855433151 0.10130239798994084 0.10282453329157569 0.09739405193227386 0.3873076030211102 -0.17696628396581776 0.49979733121739867 -0.880013580193824 0.5758101382373396 -0.04677397415672871 -0.28227918436719057 0.20909387272836438
70 770 0.1012013222883031 0 0.07700990401997637 -0.2092995536089441 0.19148330074800637 0.03498218960552841 0.04633966149488774 0.4454425097329686 -0.2232959972113679 0.4243973337744951 -0.989510865016358 0.6281056119183602 0.006637911437296348 -0.023978081416890618 0.09830163168598766
71 781 0.09823776474680669 0 0.07051133240092426 -0.24727924530173778 0.14691360646971913 0.10108251893516756 0.018067785144584056 0.4087142953164369 -0.08418294746695171 0.3078580990035986 -0.8689207412996749 0.5511701701936005 -0.1105653662073588 -0.03126154021905947 0.1932122526969851
72 792 0.09752606760443604 0 0.07414028449658548 -0.2745497642746558 0.10059199196746713 0.0706383935957554 -0.04138406396064993 0.471724951858445 0.0005255311360531228 0.2811954129337188 -0.8140816255698089 0.5259007792061721 -0.03187810297262206 -0.08707836727050333 0.16850809033048944
73 803 0.08723349660752489 0 0.06911809109716498 -0.14332552875098814 0.11886206048835676 0.08368738963875852 0.011932284401481398 0.3231378950385575 -0.048465854787209536 0.39252554533133666 -0.9326498029889687 0.7095652673292455 -0.08966014042255746 -0.054265548995009016 0.09661738547929964
74 814 0.08386337876543043 0 0.05975666763625808 -0.24147746387220034 0.1134778456198906 -0.029239682656472137 0.1236450504568644 0.4428434938891135 -0.08685682836997756 0.48345540070519694 -0.8538965573142663 0.6065694646062249 -0.15787809542586434 -0.15182161992558885 0.11319122400956014
75 825 0.08119526080447688 0 0.06148097243295067 -0.10772987163200826 0.15763584957298543 -0.025003393432904135 -0.04859688609756368 0.46937870153809946 -0.07748722307137831 0.4140242941755059 -0.8673816031521511 0.6182554399977787 -0.2119041381142306 -0.14433449738273119 0.26774435232083527
76 836 0.08315571316560055 0 0.05302591666216446 -0.0678040540708068 0.05667385525546445 -0.07210002117154865 0.16756118204224416 0.25592165254034294 0.0003835246390592323 0.4099258282894619 -0.8043489957808754 0.516363008923681 -0.10392328021588386 -0.24131744268147948 0.28160361492029556
77 847 0.07786120210052012 0 0.05099802161873775 -0.11831687453190994 0.19463522490234206 -0.07112525641008278 -0.06449551088104112 0.457901823373704 -0.10869439992288413 0.42782635902075017 -0.7824834939590832 0.5887595825893839 -0.08374691231321862 -0.12855528291071416 0.14884166084497447
78 858 0.07479020533301108 0 0.05943451960576684 -0.09275707222114432 0.1949717607794889 -0.08402142039759676 -0.06770346688764985 0.4125440493831025 -0.1007829237402939 0.381829240007094 -0.8137701189533884 0.6442534306775702 -0.14019632211934602 -0.05199488425372767 0.19767494392460852
79 869 0.07632087126343616 0 0.058583378097319255 0.018684064611776352 0.237865289545461 -0.19263522094569865 -0.01037693250750489 0.3065919265917998 -0.0881721392385393 0.5075089994304081 -0.8414048513289896 0.5849774531803748 -0.1862679719563397 -0.09716845216262993 0.3090564943508558
80 880 0.07744247834508781 0 0.058673596746810955 0.03135135188973509 0.16042590770693324 -0.097151157168437 -0.1473860114527086 0.5203454827740965 -0.16997353436180523 0.4426915481810286 -0.8279070958492816 0.6391250701002681 -0.2744156851231073 0.017390102724199608 0.24039687861091763
81 891 0.07576623217175031 0 0.05654328875828345 -0.01277956425538428 0.13509171950068657 -0.07213922310016876 -0.03489020433720976 0.45321874213531155 -0.16085027576423774 0.38415706765010593 -0.8289335424580928 0.6462678887840765 -0.2109180921722023 -0.14661182973125486 0.2986394168323694
82 902 0.0740224288792798 0 0.049357911423506144 -0.031218753606280115 0.13143420363611613 -0.08003950161258735 0.09818886624710545 0.3167327636783388 -0.20333305787080413 0.4901125909884527 -0.8324741577306491 0.6033030780588691 -0.12570906377452512 -0.1371552963647329 0.26110546687584985
83 913 0.07400860964439528 0 0.04898708204174007 0.012201354614208161 0.11542520863029475 -0.04094292092160912 0.014019429458237715 0.3971532662752004 -0.23839405716559509 0.47178358609995724 -0.7953468434608022 0.5585336555435504 -0.09503937141098812 -0.041104104882426995 0.2091724476803689
84 924 0.07379623839065123 0 0.04542343130608832 0.02998433604059014 0.1285209512848071 -0.11426776825732934 0.021024281344166014 0.4151128883586601 -0.16340623773328472 0.40756726896126727 -0.6992045283402704 0.5046389620104941 -0.17442880067071426 -0.1742456479491663 0.3231013813955035
85 935 0.07358612676170354 0 0.048368136173483046 -0.06321652280597571 0.18904561421933389 -0.141279594777979 0.06973459845368847 0.4292722980126351 -0.2244086430255054 0.3796976132355087 -0.6718615229788927 0.5064243163181981 -0.14590190883423998 -0.13902305457203834 0.23709962755484135
86 946 0.0728524243121082 0 0.047958489186344704 -0.10764483598340271 0.22071841286826954 -0.07802999747075114 0.006991787725676723 0.40281232579490345 -0.16027058518566384 0.35744671267903133 -0.7302684282312877 0.4179119540374274 -0.01152021845877925 -0.00028107591657589026 0.1600775697062079
87 957 0.0711556030515188 0 0.05548377541879389 -0.04819336912715562 0.06738385891749782 -0.11978708581960336 0.18549673006176792 0.44301892425658673 -0.17376868719239308 0.32510888854864534 -0.8001873756933824 0.539403092340025 -0.01133168886819471 -0.15902573599217096 0.15863858301274095
88 968 0.06682493306590524 0 0.04212014334704539 -0.07381847801605262 0.14061210789312306 -0.016038012897314782 0.06500848825921757 0.32889826582875203 -0.15419183273438206 0.3589460294427495 -0.7204742261308483 0.4828918513657136 -0.0017696801834981152 -0.12247198674882176 0.212454285151226
89 979 0.0696302338122386 0 0.04393348738564448 -0.08665188777984126 0.12243325121132173 -0.10438127140389658 0.11873773759592848 0.43406059811307784 -0.2346609443839453 0.32087099842425715 -0.6235902603924559 0.47138961184351186 -0.04232337023965874 -0.09231640940620389 0.12232260453899127
90 990 0.07460373325798489 0 0.044887301647129126 -0.13823432221592324 0.2621036716616636 -0.11990724995610212 0.09403428171220973 0.4602771850897973 -0.2520877271192438 0.19078042390943145 -0.5325372874995302 0.4543301221596662 -0.06749088648663391 0.039571267838597546 0.11043325230460584
91 1001 0.08222602032394327 0 0.03989818032020251 -0.11580430334875778 0.15133157543847592 -0.0780558897807168 0.05589148107289759 0.4649769456263293 -0.19511213412086437 0.20207851225464413 -0.5106257028108014 0.5480780911241381 -0.16439645193781866 -0.049189001329548176 0.18755765548809739
92 1012 0.08532734096700785 0 0.04107725075226119 -0.14599661614168688 0.1886544918307417 -0.07758014974584833 0.09316302161909945 0.44434119984883313 -0.20708824247722413 0.2909988960803268 -0.5118391084561007 0.47803455039318477 -0.10406703625037064 -0.14018664394942482 0.08131627436570374
93 1023 0.08182634972541505 0 0.030765678853129415 -0.1303538398937823 0.11120703417457065 -0.022260077997680303 0.020664265409771572 0.5042586909940683 -0.21923187768704472 0.3100194633927965 -0.4844074731619792 0.4636488199385215 -0.12795679947135724 -0.10829439700992038 0.12332452842181774
94 1034 0.08332263807625383 0 0.0403517193612337 -0.03595962093620272 0.017431451465164782 -0.15956375283407284 0.0829802667941523 0.49042735913410285 -0.13215950198798515 0.3323617143435346 -0.4337712631069004 0.42595798883542185 -0.13116181985473616 -0.17148156593099495 0.10507845693227023
95 1045 0.08530864080504066 0 0.03547334603783938 -0.08378573082212852 0.16055825948044156 -0.17349594046199188 0.09703762363467626 0.47380571120242676 -0.18075118706729573 0.368844787020774 -0.5066408888772824 0.38937698496910744 -0.24159305045889046 -0.030910366037334658 0.13613793691823567
96 1056 0.08709909100159444 0 0.030713900950549346 -0.03779990840831168 0.1500671569951719 -0.14270717110642356 0.12928221557664227 0.44123851976132533 -0.2625607773815894 0.23577529096576652 -0.3512405566732044 0.4145549181439582 -0.1788321945806853 -0.017921496507949275 0.12804448898392254
97 1067 0.09259140371490243 0 0.032963866938379195 -0.06886804321310702 0.22663818288230292 -0.14134680819269851 0.08729130779833551 0.3273169141652268 -0.20216594920044778 0.37145015321131997 -0.3581264645563682 0.3253121264751559 -0.21299234854478516 -0.03320562202022481 0.23099613049154555
98 1078 0.09043223207092882 0 0.03058073655411157 0.0054670090467447 0.057809894728073075 -0.06325319987189823 0.029239269173939084 0.3851199394486948 -0.11419034092976128 0.33001891814009554 -0.431334759038825 0.32399545844452005 -0.230226431766073 -0.06547518978437816 0.2821789598126806
99 1089 0.08741190513945678 0 0.025368112112029054 0.0018360059577749582 0.09896019097214133 -0.012858190488362078 0.027778722249862345 0.432859011153901 -0.264116044417963 0.22592559550423977 -0.3369717137384849 0.30035342981483903 -0.16204572409568543 -0.054183966905148484 0.28217319121966933
100 1100 0.08837812524384492 0 0.029974363176237154 0.055253052274101905 0.015960838481565404 -0.09000346740436561 0.22430427232654956 0.2837427272748241 -0.194359106795253 0.2613732458726297 -0.42795146396155714 0.33162094717730217 -0.09000075958267643 -0.20669588132360306 0.36630503866567515
101 1111 0.0853405606644271 0 0.03136985543246426 -0.005827084358290813 0.04362927230846114 -0.11486737841712685 0.21168544648169504 0.3622890915963617 -0.26275392477102233 0.3175451872855554 -0.48847151808395606 0.4144984961399995 -0.07812387978620822 -0.10206694058068333 0.22037442184202416
102 1122 0.08092535191153719 0 0.029868325633086515 0.029464404811569644 0.08192208566212969 -0.05729664916109091 0.13736434737960052 0.32014525238968883 -0.26012809075731325 0.20192028438521084 -0.32715387793400574 0.33091519763390576 -0.11610603694205314 -0.10488938565886707 0.34121758144188835
103 1133 0.07651158044685705 0 0.026787964681394025 0.044398346518581565 0.06987307530380565 -0.014452950040338405 -0.006225107746694991 0.4489929470199714 -0.26965875014256674 0.23322952663576582 -0.36981393873904445 0.33924135449793374 -0.19296393933269174 0.0058415788479577735 0.2036393285845447
104 1144 0.06682125337014554 0 0.031241024850690136 0.017186269525459076 0.059360132265648395 -0.045837679096815236 0.09862968364782689 0.4048288704716807 -0.26205409064244967 0.289442562441272 -0.3753449873280723 0.3748104904779157 -0.17513140736982283 -0.06333137607515749 0.2334221140807215
105 1155 0.06045373624804902 0 0.024639881742544424 -0.01383580932768766 0.11432280463004299 -0.14698871769890026 0.17124654583098164 0.3395327419617953 -0.20487751609018937 0.28128771043919554 -0.39904493656972573 0.33392595392909463 -0.12094046649763518 -0.12241212156260528 0.25235617686113093
106 1166 0.05894799493899743 0 0.02122657468999626 -0.045847107948358064 0.13129677726489575 -0.07470667905804178 0.04352980794119145 0.3798463536203034 -0.18940049366302927 0.27520796471299624 -0.2713721307040875 0.2569337782653227 -0.16760851930184983 -0.05464012096180948 0.21201094505511203
107 1177 0.05851920190402073 0 0.02187113055496732 -0.02018628809514675 0.14829465889925525 -0.08721276833201756 0.05564176974527231 0.36013216877933996 -0.21237014259239365 0.3134828176508464 -0.322312036047411 0.2590304724950463 -0.12754487714735513 -0.06012971831836422 0.20813243066148654
108 1188 0.0626879543389306 0 0.02184421393325099 -0.10323456799959968 0.18184288980211588 -0.1007341219856632 0.08498731675283774 0.381410425679233 -0.1912486143028531 0.25838196901684635 -0.2572978383644777 0.1973288767521297 -0.02393180144234791 -0.12984435667148397 0.18735893338227227
109 1199 0.060688635630812775 0 0.025028263766970926 -0.07739674769743632 0.19525365157654045 -0.11239376598332615 0.08776793759928266 0.38783282827829746 -0.2458560881015305 0.27107938787578445 -0.3532540450031547 0.30409548666880404 -0.1000145295230073 -0.04774256082871231 0.19595197802567207
110 1210 0.05839936128868302 0 0.024583334022421046 -0.11879665920791928 0.12525189169865497 -0.0798930430548733 0.05657788376633818 0.46071608432829025 -0.16964005234625093 0.2997066283121746 -0.3289770660667741 0.25172593664134996 -0.12334403862608698 -0.1103646269816363 0.17951204722625708
111 1221 0.05769821879389652 0 0.022461974485757822 -0.07170234145997852 0.1984116137956445 -0.10962293035205169 0.06823501918876207 0.3470495981569961 -0.2083304116389528 0.3338943814344916 -0.22876226182270165 0.11365275858906168 -0.05518300976231836 -0.05893470558525804 0.1589115249798721
112 1232 0.05354885178859218 0 0.021490702962067405 0.001446854479489057 0.14302309576109906 -0.12000463281207473 0.07224154085317201 0.357979512406549 -0.1954444738612107 0.29287304082136756 -0.28270376251838414 0.20382959900879846 -0.10683256850062024 -0.08707769485416517 0.23398890267844574
113 1243 0.05142967896021656 0 0.02286529558090366 -0.08042703210116763 0.1662806721889863 -0.10083175107326721 0.08763606013414185 0.4041569018982085 -0.2544711114673334 0.34294954459937604 -0.30156622580342707 0.2574989630165323 -0.19538424207473182 0.02278703143639582 0.12503714222380502
114 1254 0.05102613483880714 0 0.02123816195533207 -0.0009909360154055358 0.1263420160135217 -0.055428716469503835 0.07490982459076533 0.3520770088447107 -0.27153555251819217 0.3212286161671776 -0.22270584981476427 0.17994610372311914 -0.1267967185566948 -0.0420640000791872 0.19936992023753017
115 1265 0.05337811013832632 0 0.021770829392556243 0.017404102840864556 0.13139112909657 -0.05326181969294558 0.05715961350262053 0.3684041043205677 -0.3080229499765576 0.30420463375543727 -0.1925381528595249 0.14933024425885832 -0.09230171811443674 0.011973374344323329 0.16534145493470445
116 1276 0.0535863343615063 0 0.02326120232725136 -0.014764162674308128 0.153135438425916 -0.031224103585078423 0.06695008479134446 0.3097871586145433 -0.25375705326317827 0.2966001960587905 -0.2162051776732139 0.15713302663772397 -0.17540806436833795 0.019049701763267812 0.20893223226702978
117 1287 0.05424067003783933 0 0.022762201159267116 0.06952344074421019 0.06653110931048645 -0.07734367384633536 0.15707268955395487 0.27164127861417553 -0.26655365960912275 0.3299561545132844 -0.22777361440151989 0.1468598169939307 -0.17772906867589305 -0.01695546780224877 0.2801732129384558
118 1298 0.05427137738386384 0 0.01988860450229486 0.0410124936882809 0.06457488669227528 -0.03789162601702335 0.05280459389744087 0.4034291562142669 -0.3011708898906381 0.3035740809508774 -0.25390784194371974 0.19335764631664354 -0.1540132775106817 0.04475648256825071 0.15218371468931485
119 1309 0.052247001000328565 0 0.02155956656967769 0.02916181917799745 0.10526194889996329 -0.04120655758327527 0.03719613045832837 0.3850991601721723 -0.26724532938007944 0.2763792654216347 -0.261703017050098 0.1685259348567337 -0.16731778193045801 0.029442071731234254 0.2348868864431972
120 1320 0.0525268070446542 0 0.020252276513727283 0.009223546576785473 0.0887594941986885 -0.04338859695753236 -0.003415924843809655 0.4898363446743814 -0.27704829468479564 0.1934095081473375 -0.19122004470880283 0.1283769453816536 -0.13527637935520453 0.04917584473073511 0.21248750909049063
121 1331 0.05162328328187853 0 0.01775077484208885 -0.0004038488651512892 0.05610140543951106 -0.017507149949861668 0.006770076783023174 0.4699739374680876 -0.24772790534462774 0.22755142391625216 -0.20544025507837738 0.14201087209682325 -0.13208858608147728 0.04598759469440683 0.1542661138187465
122 1342 0.04851009940334057 0 0.017798069962169545 -0.012257079306340535 0.04867044352711431 0.007984919633734266 0.029642606176878143 0.4125786972326977 -0.22958012835021233 0.18801903868598396 -0.1990542870778711 0.11332062507587229 -0.05726921675564588 0.027867562095885923 0.16277144315442132
123 1353 0.04755104585958902 0 0.01818050665208542 -0.01366247777491379 0.07894022508393786 0.0059840892534645355 -0.023323426237961166 0.42566699103263117 -0.22676345579680215 0.1965786711850272 -0.14668097208081776 0.08323312463437538 -0.09287863828738604 0.07535574669651357 0.13329497332214485
124 1364 0.0478767841915868 0 0.01667900615332581 -0.021291739095893825 0.037616963446939475 -0.04403922796185855 0.06412958651320935 0.41828836891202625 -0.18492955226731758 0.21523681349161383 -0.1876247407819649 0.06153724393250296 -0.052884770137488143 -0.005864408199449667 0.16983042866079684
125 1375 0.0477317718013529 0 0.01702315553822554 -0.004857402728110239 0.012631300666273639 -0.0290136638056375 0.06838070542145762 0.4109899067724738 -0.18486622887563667 0.20949462782665118 -0.19949391605060085 0.11536532439519001 -0.08243157743711631 0.024919825943185092 0.14799736841512026
126 1386 0.04511927325139167 0 0.017942779286065212 0.018312852967805614 0.023897272745119786 -0.030022756463448565 0.06518474354788509 0.4307742496046476 -0.22246236393255062 0.16586301543716836 -0.17718689353111894 0.09482454050056077 -0.11456403656198959 0.09096043620099614 0.1556935007291863
127 1397 0.04253193811792231 0 0.01756694873130785 -0.023751753674427084 0.034414555227778185 0.002590956042406299 0.04322818253096779 0.40920321297730844 -0.2410970266576683 0.23736326796800222 -0.12388765683605141 0.022503857771136206 -0.03303387497959291 0.02936446904544754 0.12890787436758852
128 1408 0.040812162136501316 0 0.016769540593768083 0.012433214953853617 0.024474220911151673 -0.011580552106185553 0.06240003664843028 0.4039310628662287 -0.23819677888467292 0.2586726567471157 -0.18321662581083764 0.043986523694224566 -0.06648906501834022 0.0631886681086562 0.12943186379279348
129 1419 0.03878090779856531 0 0.01627659461778123 0.006402708530791529 0.02160347331462358 -0.005095814378200329 0.06587981197699014 0.3700101217806302 -0.18794919623704626 0.23054362922978933 -0.1979803772085269 0.08444089964700288 -0.08128102910290336 0.03601301439702498 0.14079621595524644
130 1430 0.0367389935736083 0 0.01653150064803573 -0.04073865044780724 0.04501587360106345 0.010454379135738441 0.06352034189677885 0.3742481040203969 -0.18942796991546584 0.22541796868937025 -0.22015580558187753 0.12594627263671873 -0.06391143603411205 0.009962204651658535 0.13074890341270956
131 1441 0.03359150598567994 0 0.01660996700597615 -0.0188802263503774 0.015674619183490238 0.0009387557153332556 0.10990539690099364 0.35625161611120637 -0.2087816716165074 0.25034810018919984 -0.18963083673914083 0.10045513154142097 -0.09341899980690034 0.02375825472961557 0.13039814712293185
132 1452 0.03237301746040874 0 0.016224982211158284 -0.04277482523466089 0.07831042264153673 -0.020688695891681843 0.062383684101360456 0.36508711467860655 -0.1751478068134003 0.2019452211632736 -0.17290580074177142 0.07867973144707706 -0.050362577167543957 0.011289166039522236 0.1458764778541181
133 1463 0.03350697762766489 0 0.015613862290833974 -0.03949945561211818 0.05843432139954464 -0.02903560266415657 0.07296598472554197 0.4353680379359397 -0.23075174685972052 0.18638024672857384 -0.1352735105185474 0.043826487250638285 -0.03304453179867031 -0.003317806423940528 0.14521509640765326
134 1474 0.033590284078237505 0 0.015585772838853214 -0.03420197601139343 0.02887436199347107 -0.00926838680709425 0.05383966413162192 0.4214146868179376 -0.19265750981174032 0.1697045612933729 -0.13686991084535993 0.0733517552431447 -0.039727326899716156 -0.012288290831617754 0.1491388613744265
135 1485 0.03336016120743292 0 0.015345123852755296 0.0035953797003309487 -0.0054786015801890735 -0.033639986908436635 0.09900201417224153 0.37689362137928617 -0.1659630036371325 0.1844184376449532 -0.13928403984895787 0.06993243161744524 -0.037824144207057805 -0.04831997735960458 0.16052208066867613
136 1496 0.03204431305664169 0 0.015831260388170596 -0.010232875306461574 0.007019148930660959 -0.03325479662372263 0.09767246667445208 0.3845597574533315 -0.16336254706335931 0.19205292407223795 -0.1567538427375117 0.08446212436967387 -0.06112385841628384 -0.04878322167219107 0.17407920498459822
137 1507 0.0282789077275974 0 0.01558154583369659 -0.021297000548540772 0.0278426567717466 0.01739235781443676 0.047533126326619164 0.3909044299135629 -0.19615791110140177 0.17777401663918252 -0.14200655947466156 0.09664957827136478 -0.058706454466084204 -0.004099432787035617 0.15196454784405916
138 1518 0.026797694340099203 0 0.015386418452848426 0.023496712024823924 -0.011105951935146498 0.0029375831880201746 0.06429084195651491 0.39339071035115447 -0.21641542953655363 0.18441422012468808 -0.13530770214267807 0.06685654304294739 -0.034412084643215615 0.019481042820302275 0.13318828425625767
139 1529 0.025481050486056978 0 0.015293060109972128 -0.02414171084684667 0.03419846025505418 0.0035273574924262942 0.0681243924942039 0.3859245735459269 -0.20683360544264448 0.16057097911626367 -0.10802573130982207 0.08178150586482603 -0.03354628323641907 -0.016746370912100517 0.12517314691474868
140 1540 0.02434967844002278 0 0.015381536348842621 -0.014490703132304057 0.012096695493844378 0.01628288305355037 0.07233426355266097 0.38213989106357227 -0.20268884620158759 0.16764925150001173 -0.1154325577857287 0.08822438514033873 -0.04572635772110419 -0.01429272385599134 0.13860601023837174
141 1551 0.022557724519416993 0 0.015264625382216922 -0.01801179976947518 0.010375621711891292 -0.00023876674905670778 0.07063794478729099 0.4073884304643163 -0.20158224798102287 0.17422871091334904 -0.14390874539594378 0.10760438100812894 -0.04000743204665113 -0.028744518326024426 0.12568799497712968
142 1562 0.021198815035759322 0 0.015223302885653323 -0.026755673731904985 0.006230920548874117 0.022827009507974786 0.06924529838989772 0.4173281963329116 -0.21514328078698428 0.15488877222436234 -0.10270386041164414 0.06715927026290845 -0.04167985939485085 -0.01176077393665187 0.12278093877663858
143 1573 0.019473679381403743 0 0.01514175589901651 -0.016613321111047578 0.01894840884377664 0.029252434460601138 0.038116580881431564 0.39146237173086185 -0.19320699609487388 0.16592765101988452 -0.11466673477684353 0.06797412564940908 -0.029119003213309413 -0.010659626403832778 0.13095322408267507
144 1584 0.017116968446221556 0 0.015151545018764383 -0.024542865956805084 0.007124371115726456 0.01699541122282488 0.0688648974763823 0.407835524438823 -0.20574607391460767 0.1568946797038081 -0.11845048662457014 0.07910241452803825 -0.03679829557687117 -0.003519753905603995 0.12174387804171756
145 1595 0.016679009329220736 0 0.01509792265624101 0.0022415799067538357 -0.004553696559711754 0.002995034630602616 0.0805960199747471 0.3998368608792231 -0.2141785638353887 0.17465805420922373 -0.1330498884004332 0.07605623711332753 -0.04565438710554244 -0.019697412337737585 0.1622993807788598
146 1606 0.017304861053517074 0 0.015081532642144903 0.00824350585730693 -0.014716961689605663 0.021638916014817135 0.05662098167160955 0.3883834535854769 -0.1927587089979107 0.16614496763430786 -0.1265634481787521 0.07850573660532545 -0.04478211255240947 -0.014548207062510254 0.1587178974546615
147 1617 0.018700108041544067 0 0.014983027019868181 0.027340539981994597 -0.03373264781075935 0.009734155778534287 0.0778852515410603 0.3725835920424725 -0.1815962896551816 0.16124596249327963 -0.11875453510911504 0.07372787790045938 -0.027951503676959602 -0.052663917228945145 0.17606794980277443
148 1628 0.019321678130219268 0 0.014842917421152057 0.010141412319588965 -0.0017151510235297873 -0.003368742726215684 0.0732416119458197 0.37760127867731574 -0.1886994547070851 0.14851813617638282 -0.10696231492458019 0.07415337329753768 -0.019090828125745442 -0.0520457603344453 0.17078540527981753
149 1639 0.02059081927102268 0 0.014716649869440915 -0.010641061389069542 -0.002236340284104338 0.005673082006722973 0.07231868637004915 0.3947978203172897 -0.17714465249332814 0.12610980207360614 -0.10326173051728871 0.05847531887848309 0.010114380469515426 -0.07579533647789294 0.1685854139637193
150 1650 0.021870139503890808 0 0.0147174557717962 -0.018338306257486878 0.00631501416456639 0.0038688738143728154 0.050097185682071596 0.4103915129700395 -0.17396801283454696 0.13331144628245448 -0.09255569371899952 0.050126245493913674 0.006961622831864795 -0.06512778454668622 0.14967114886868008
151 1661 0.022147046169255287 0 0.014723195398590062 0.0018105133739838215 0.01882237652168538 -0.012024898425369197 0.06067902985820561 0.3876009875726103 -0.19005647202935683 0.16755519794217666 -0.09863902449230899 0.04984974580568803 -0.020278478329432737 -0.04079259429338622 0.15406460819867093
152 1672 0.02154542085276806 0 0.01470419563207304 -0.011414306023855906 0.012209485254850388 0.01235501254065386 0.053194431518418475 0.3696720045759565 -0.15935829135300625 0.1364323507525447 -0.09250238844136938 0.03862362828335228 0.017237525122813596 -0.060662047316910606 0.1556597128429792
153 1683 0.02030457022739283 0 0.014629194635462304 -0.0018287239134512755 -0.0049633001520120665 0.01675750372116038 0.045175771862392335 0.4001556233997978 -0.1842801707143216 0.14215103926123124 -0.0784787918060621 0.028495441317098774 0.004707359745879733 -0.058301022009216386 0.15798803735809275
154 1694 0.020476078932348582 0 0.014552719143426724 -0.0001141330250866903 0.005163495853033644 0.010400455829503549 0.05994274411316372 0.382312519708472 -0.18212733471912282 0.13915770090435792 -0.07099559230539132 0.025463487227270275 0.0015743880265280008 -0.06089003525685355 0.1620408915157202
155 1705 0.020045346807727297 0 0.014555548014072014 -0.02017748210168813 0.01621250675333722 0.004766738723629215 0.06695164263385457 0.39265784240741386 -0.17627247315063255 0.11471431477311245 -0.06884844576938898 0.022183980100298692 0.01948505552542714 -0.05133219120341748 0.14263487206020573
156 1716 0.01892842521528337 0 0.014640651098962308 0.01526859369969475 -0.016566692312918175 -0.004037250645752071 0.08152834749835461 0.38290535884563814 -0.17061019013033785 0.1266916556120524 -0.08891499395507418 0.025242343087413383 -0.00018282283961284368 -0.05418648565285222 0.1778267416137874
157 1727 0.018699715223356048 0 0.014594008012402106 0.003014958376641912 0.009262902570007607 -0.006163073271316331 0.07368012327327343 0.3796771362264 -0.17779235541606275 0.13333036010157964 -0.08389699703576703 0.0057038633187091875 0.018118560901836896 -0.0395759300366918 0.1560619088943029
158 1738 0.018799714764404757 0 0.014624211123371957 0.0015988191881557753 0.003289952996171741 -0.01866892124358053 0.08055132651895705 0.3834487207171069 -0.176829030653269 0.1377578536147898 -0.06549768816846102 0.013601415527329878 0.002151778104826594 -0.06972629795280705 0.17603511051302992
159 1749 0.018173804760921487 0 0.014453470694236628 -0.0048973556309303895 0.004547675037806268 -0.010934600513874734 0.08179058919149733 0.3788219229213001 -0.1677066839493821 0.12182346097175194 -0.04595107657561348 -0.009735790592086659 0.01572258700551206 -0.07064226987853939 0.1763799162734869
160 1760 0.017281654234371967 0 0.014564458374494597 0.02281625918868859 -0.002621376274355061 -0.01055245884097388 0.07512225650984511 0.3696152394605785 -0.17664047309734413 0.13379091189571493 -0.05531917856197399 0.003842669471739762 -0.004265739559914284 -0.05923131294615658 0.18432449715688642
161 1771 0.01723327338124105 0 0.01452865140727259 0.009728454526890284 -0.009473526125547834 0.014429967895279696 0.05079260348384344 0.39012230873013065 -0.17141123944408182 0.1275710001985696 -0.050151931143215034 -0.018634793647287144 0.014880033844103217 -0.060066266738531215 0.1786317475305567
162 1782 0.01600110186316347 0 0.014602598803787727 -0.00724626188886893 0.017492733051607003 -0.030078383345844156 0.07527177693361796 0.39863718332166886 -0.1733415024605881 0.1368678271660446 -0.07150043861283306 0.01500718566928817 0.0012082005101541364 -0.06981575065396273 0.17301613914536523
163 1793 0.015235460029346053 0 0.014451071087038074 0.010421556051961349 -0.0030608048544988535 -0.006984186085768633 0.06315047955856816 0.39935797960703034 -0.18562767506581843 0.11640068165910199 -0.039987098813565325 -0.016944772541651065 0.025796622153734804 -0.05564175456348863 0.16679931760618877
164 1804 0.014050996547548322 0 0.014455762258129942 0.0017458868477632852 0.0001340938070499855 -0.002463824634712775 0.06554127550909482 0.4022080763558229 -0.19111067372395094 0.12810058926258744 -0.05353439529137827 -0.009312286271476141 0.021001327024964617 -0.058001580849021295 0.16623949706554456
165 1815 0.012813675458753173 0 0.014447839261723817 -0.0026896316695404704 0.006888512852766121 0.0024712034684843814 0.052164678901895384 0.3990468248659287 -0.1739906318614628 0.12573223003961034 -0.06933602835824049 0.019729369715863903 0.006685963195607064 -0.06486346457698922 0.16893689898713904
166 1826 0.011864962044751248 0 0.014426410117278498 0.002955492042499966 -0.0017442060618035578 0.008290532433423328 0.05773088596030131 0.3959281441180229 -0.1810962252314313 0.12126372789729893 -0.06141198359842637 0.013960900985820457 -0.004932289461050967 -0.037613189538634906 0.16131718967144684
167 1837 0.011581346707749915 0 0.014427201715967444 -0.0010318238796895403 0.0110959482768157 0.0028971201561013367 0.05520975829348753 0.39155796866342385 -0.18135147486610373 0.11282127052303018 -0.0444124583454939 0.016201316196802616 0.002540333878268891 -0.05331538720053253 0.1625504334011779
168 1848 0.011661311693643088 0 0.014393339183153308 -0.00778494256013389 0.010083526887704468 0.0010088233127638904 0.0610179967775575 0.39258326677030153 -0.17217930398597692 0.1133779326506613 -0.047528345916351356 0.008095757274828959 -0.005530536481702192 -0.04403897288144476 0.15925934373925738
169 1859 0.011501952100164307 0 0.014424645691656138 -0.013543825878568408 0.008513692845221294 -0.0021441661204209483 0.05831835354161017 0.3903121527806279 -0.15546325880401202 0.10613660884125563 -0.046289279972083985 0.009056145991039702 0.008608230165808927 -0.05829141933254922 0.155621472807316
170 1870 0.01093959920597049 0 0.014443523632945293 -0.0023149176717116226 0.0034805066798133883 0.004754859027345212 0.05478802837298313 0.3958127517222576 -0.17826168852870547 0.11950457402243751 -0.04352434374640035 0.014987124163733722 -0.011065387343146982 -0.04128373518667683 0.15253571064747642
171 1881 0.010159635531400422 0 0.014418232506772276 -0.008795439760439373 0.006488897108283693 0.006360457334341353 0.05992134198932991 0.3918868006364642 -0.17156485917037126 0.11899302058574554 -0.051423133822898315 0.004995257925247387 -0.003406467965594267 -0.040811517211365445 0.15746015844802363
172 1892 0.009595765026400983 0 0.01438981296790065 0.0017004585817421165 0.00334805213630708 -0.002467397561455158 0.06618778027048164 0.3839001626401881 -0.16817796565817905 0.11181933762701443 -0.042688496110188545 0.0013675199988926576 0.0020547162116570017 -0.06053451669251331 0.17604324058411253
173 1903 0.00878931280844183 0 0.014375175637424357 -0.0005096422562230747 -0.0006736069901409122 0.0019532831736915265 0.06619749411018111 0.3904689104329182 -0.17314981880818509 0.10767568556711049 -0.03183685539379244 -0.014034057105713931 0.01406463764886804 -0.05413279567509344 0.16309778038770348
174 1914 0.00858420049383722 0 0.014382017869751055 -0.0033943609877533053 0.007968355465732303 0.0026213401107038443 0.06117184654829116 0.38492721326840895 -0.17037734607145483 0.11048004728307348 -0.03762658331663804 -0.005689974227721777 0.019681622397036733 -0.060087748065296154 0.16174430009721438
175 1925 0.007980887593799259 0 0.014382508102105028 0.0007351066709545863 0.0007353158856400581 -0.0033258622253105443 0.06324442811895935 0.3931344029764139 -0.17058143114329574 0.10911563090413041 -0.036890249126467545 -0.0017945751869334952 0.012840687615485982 -0.06280651258205028 0.1644412455758544
176 1936 0.0075030845933792755 0 0.014372281657947095 0.002460637349091515 0.0023259800871049236 -0.004682345382143379 0.06500221527785977 0.3914831581636795 -0.17303884510943635 0.11111287638756356 -0.042928635276934024 0.0027029040431182996 0.011124893407113014 -0.0592730005833193 0.16412676556026903
177 1947 0.007581453882892581 0 0.014373572957816112 -0.0013159345506880854 0.00048668947443323185 0.000777180786192475 0.05742922303115082 0.3976028003113865 -0.16908667153355017 0.09850696659002717 -0.0258234993349431 -0.013895931222832707 0.02108792515344601 -0.058084729530858414 0.1611834500810576
178 1958 0.0076775357162376275 0 0.014376561937074012 -0.00024900654971049736 0.001639948225235825 0.0009857358257464722 0.059576176239529786 0.3860006115016881 -0.16064937867845652 0.09670554279683456 -0.020986128011688088 -0.025112906587587712 0.026204946343734773 -0.05900952228559264 0.16305249259837704
179 1969 0.00796433196860866 0 0.0143743522078248 -0.000876310853683172 0.0015329850539851646 -0.0012251463463388806 0.057513505171355554 0.39439854824456066 -0.16391023993863776 0.09262011434334073 -0.02272767566136613 -0.016949597688014875 0.017608615301571692 -0.051163705608205934 0.15954927567328128
180 1980 0.007940460662000015 0 0.014383269596042714 2.4647180104443115e-05 0.006545544756247989 -0.0035364260887433647 0.05657313521677038 0.3881446221327991 -0.16015976353233335 0.09775710506963714 -0.02544946845416618 -0.021249979743046314 0.023922051835413516 -0.05582741867500385 0.16115328733356848
181 1991 0.007832600226399408 0 0.014404014060570753 -0.008534126652462804 0.00890529427545662 -0.0046834552875602885 0.06019622900053274 0.38973466342443297 -0.15596336869209262 0.09812313395125945 -0.03600482246275094 -0.01351087920089084 0.02716904747804734 -0.060270956625638306 0.15562290930543057
182 2002 0.007469825763801893 0 0.014391549874337318 0.0007591220554911135 0.0028337790121351052 -0.004460295746812115 0.05869429157378333 0.38717364100378804 -0.155948338820876 0.09797481363857999 -0.03409543045480534 -0.012539320365188105 0.025579352151717555 -0.06293411510971803 0.16235246731509242
183 2013 0.007180711119188914 0 0.014381655078793727 -0.006395345184690889 0.01387754875839992 -0.010609431955595333 0.06064087685866863 0.38882861285439496 -0.1583702527398036 0.10271695294636592 -0.03632503520628072 -0.0051581054325259956 0.012293543034947455 -0.056168271275107706 0.16078260827819862
184 2024 0.007166742658196431 0 0.01437949974597988 -0.00781275748760548 0.012352969809593668 -0.004045197525956815 0.0613275085974076 0.379371255640661 -0.14922348470973065 0.09725264708112183 -0.03950505737525489 -0.008231397725583716 0.020034555383528656 -0.06259622109432694 0.16746108592486636
185 2035 0.007172198706809378 0 0.014369561210481293 -0.004825697625209947 0.009162527142546376 -0.011631471201940274 0.06826267104205136 0.38318322326120535 -0.15295076286416995 0.092190646051061 -0.03242817337200332 -0.008682186985412139 0.019548617897313054 -0.0610968499137754 0.16401479137382546
186 2046 0.006649880316835786 0 0.014361227955879798 -0.0034717630347009167 0.00453517084626838 -0.0029652980366318693 0.0643935650396558 0.3827375734494809 -0.15533840642990193 0.09383803340909687 -0.027882031230363147 -0.011516247213015215 0.016234282009997276 -0.06116997331582619 0.16844147083213074
187 2057 0.006473427069646072 0 0.014353826053747628 -0.006985166352081392 0.0076748512693519556 -0.0026378160995648944 0.06704273637879873 0.3824559924402755 -0.15945755210644408 0.09863108102248538 -0.03609280095886058 -0.009389785292966267 0.022265566577716674 -0.05925340406139412 0.16203908264530822
188 2068 0.0057624506980529615 0 0.014357480546459644 -0.005607344439068026 0.005814948037944157 -0.00072793852708029 0.06645875797783783 0.3831199091766968 -0.16231073774498916 0.10351445282048471 -0.03453327113469573 -0.008242512412991386 0.012141254963025646 -0.05575482204204496 0.16382094175435907
189 2079 0.005356039227928219 0 0.014350055460171153 -0.005361048214873238 0.008144960924673086 -0.0034522008571331 0.06600406492278103 0.386307003807413 -0.16453606163158369 0.10321145348615945 -0.04015702788036268 -0.004460832095633322 0.010969072831515504 -0.05104161129958307 0.16254021902296117
190 2090 0.005080591203209833 0 0.014348887828762093 -0.008538966793825466 0.0072677243230003545 -0.002596704869758314 0.0656627645034119 0.3860238709502668 -0.15982325035753597 0.09888240774304392 -0.03793831097156719 -0.00436979819463932 0.016193368231891016 -0.05483063244854991 0.1604568929998712
191 2101 0.0048375413831751 0 0.0143499625114627 -0.00412776145176824 0.004455620862757726 -0.004122093334926744 0.06702605356359691 0.3863174258892812 -0.16328203161566154 0.10000204096485688 -0.032734915390319586 -0.009923624014550627 0.01964782130236092 -0.05892044250817641 0.1637656320258692
192 2112 0.004579879839177987 0 0.014350878036699034 -0.00603981546124977 0.006571940944818456 -0.004202416149239481 0.06841888628562173 0.3874103111846967 -0.16751340871505163 0.1051221931987796 -0.03548501473131482 -0.007697885174726597 0.014235372349662271 -0.05413719052164767 0.1615039352044177
193 2123 0.004170148371731352 0 0.014347699502425254 -0.0034762488293855662 0.006209971763581497 -0.0027871029589107976 0.06629306480181081 0.38332015368407646 -0.1636749428846439 0.10440877388575355 -0.04256083239909669 -0.00038246098041790164 0.012799021586432266 -0.052599275966891845 0.161639714475212
194 2134 0.004033416144987057 0 0.01434759515008475 -0.003739514118426036 0.006549553196022675 -0.004834872479882079 0.066589020709589 0.38825412148535765 -0.16758745777682182 0.10360510935995036 -0.037860330098018924 -0.002890953702936279 0.010003136741354298 -0.0483889367883763 0.1596172668208421
195 2145 0.003769906741925954 0 0.014348472565344406 -0.00416381583445503 0.007645364789975079 -0.006316041435157885 0.06770181828372222 0.38667125575179906 -0.1642088243367567 0.09972870666943953 -0.035409584637726255 -0.005472901173968308 0.010682512468768059 -0.04933390225058565 0.16173187491178942
196 2156 0.003278830116759646 0 0.014346198769871 -0.003960517407194754 0.0064612638930722 -0.003707861185692522 0.06516663895067032 0.38738780665702244 -0.1653578169330457 0.10258227413063079 -0.03643717506092026 -0.008032666350698667 0.015910382336933107 -0.051777712835349377 0.16070126224387477
197 2167 0.0028846291002239326 0 0.014346664719562403 -0.005301581463712852 0.005288468958656426 -0.0037335206487705695 0.06807680709881549 0.386499163453772 -0.16379798182589161 0.10055910805550211 -0.037419767818434035 -0.005849612627575087 0.014426354301524094 -0.05201393355934858 0.16078071913231268
198 2178 0.002658837308218557 0 0.01434798753830104 -0.004359406732748597 0.005316482073381295 -0.005399414485919771 0.06635122832339894 0.38878491533520476 -0.1643706056148319 0.10022139003749143 -0.03358058741437331 -0.007594408811853902 0.014658385920157646 -0.05170085903470101 0.15929081616937454
199 2189 0.0024464205467323234 0 0.014346854739219506 -0.005424559753674059 0.0065588697435393604 -0.00424446478530746 0.067559300563929 0.38461423982674425 -0.16144003370340146 0.09971243379496504 -0.035058261355022324 -0.008511652747191527 0.017357014630354755 -0.05520318423539239 0.1614537419107788
200 2200 0.002360472842166539 0 0.014347350931172176 -0.007062460485381249 0.006519228033567407 -0.004131543618357266 0.06650130088137207 0.3887675374332549 -0.1632648660472986 0.1000029721151775 -0.03657746002160689 -0.00663226189440525 0.016323403555109275 -0.05486734514830838 0.16100475622122093
201 2211 0.002355290100178227 0 0.014346639818020097 -0.00526687472513141 0.005264347050664973 -0.002337574695980252 0.06556208084297054 0.38641406859420613 -0.16259617883535202 0.10156045527421119 -0.04029482746701474 -0.002504105796888727 0.014643929012745346 -0.05343772298186922 0.16092942756334
202 2222 0.002330430528015903 0 0.01434628066685305 -0.005190132097025757 0.005108372895116711 -0.002997126453533545 0.06570307777405941 0.3886014136242544 -0.1642530520545632 0.10111509691359777 -0.03902693472220031 -0.0024705115710879338 0.012217275253182142 -0.05096893980753636 0.15943398295379024
203 2233 0.0022389896933369662 0 0.014346387333158234 -0.003192741874205379 0.005398841273593451 -0.003687733085300909 0.06545532862897749 0.3865747173268912 -0.16487351042530402 0.10296808124311531 -0.03935837700197764 -0.0015968538402489714 0.011953646626749312 -0.05105376235279646 0.16040301996106604
204 2244 0.0020154683827492735 0 0.014345838375194915 -0.0052839718923012365 0.005949384190421549 -0.0031585215213709088 0.067013705561655 0.3851265470759868 -0.16250791754774394 0.10027051197974178 -0.03689899632875493 -0.00511072005452571 0.015207143827794208 -0.053771228175135466 0.16081848459931442
205 2255 0.0019163516770906298 0 0.014346216751939922 -0.0033659276879459367 0.006053855956010729 -0.004124869688996903 0.06754168103880129 0.3832759921937705 -0.16226605847222245 0.10116775032530033 -0.038203045228451415 -0.005676060799865194 0.015835352153875687 -0.0540718506395903 0.16266336226111655
206 2266 0.0017934728538557688 0 0.014345608971567803 -0.0037624217052907413 0.0061166898790081725 -0.003989355271738565 0.06538191758402019 0.38778289431708046 -0.16555668444342966 0.10235673728858875 -0.03720995215681633 -0.0052604029644583794 0.013601514181053228 -0.0517227791910857 0.16120309090990284
207 2277 0.0016251927707194398 0 0.014345410016980363 -0.002984311739144077 0.005317739346581294 -0.0042934064416487346 0.06643148176819406 0.3856728511807854 -0.16344750533932043 0.10107118161325028 -0.036933709402704906 -0.0048466133145618345 0.013608671234324802 -0.05334217673813013 0.16266760067746205
208 2288 0.0014623210744740482 0 0.014345433531389585 -0.004113025436955801 0.005784821908247726 -0.003334715807124104 0.06606063273526752 0.3854618134741701 -0.16321617898462876 0.10028206518278403 -0.03555249527158866 -0.006278521478296072 0.015593803600559415 -0.05429872079155196 0.16201170964670866
209 2299 0.0013441159719180544 0 0.014345683877150604 -0.002738272423127465 0.0056103134837656166 -0.004306006409118311 0.06511835636779374 0.3865951296696042 -0.16356803036558643 0.10061522747899648 -0.035868797312947454 -0.006269157050470139 0.014838942154835076 -0.053033924526673104 0.1619544327501552
210 2310 0.0012624885202628586 0 0.014345282538122834 -0.0049331192172391 0.006194682246377648 -0.00424693562272379 0.06653268961773826 0.38634250454942 -0.1626706741435245 0.10015538224387045 -0.036690825811855454 -0.005939605923127621 0.015094862088240405 -0.05396678091411111 0.1618291519972438
211 2321 0.0011695988916573547 0 0.014345471295358452 -0.004662777886578201 0.00609883702943567 -0.0038916189710452146 0.06544565214236725 0.38676228886541164 -0.16268731889868365 0.09972668244439051 -0.035411894379443254 -0.006250897260525293 0.01473258028461261 -0.05376377971548241 0.16204265847898303
212 2332 0.0010577014433915692 0 0.01434512483876512 -0.004117675125045694 0.006168129049674648 -0.0034989292615294305 0.06508903139821923 0.38660660954988346 -0.1635386913074219 0.10080215334782533 -0.03672309843941468 -0.004564084569918346 0.013250429786114102 -0.052891023554744176 0.16178868193724338
213 2343 0.0009691203997917802 0 0.014345187604690059 -0.004504509320569251 0.006452325981070033 -0.003858344094560068 0.0651357556322805 0.3871289215187219 -0.16367918208821394 0.10162857690201965 -0.037828053356723235 -0.00482380988856215 0.014035565384011621 -0.05285777338044895 0.1611982915067798
214 2354 0.0009530574863341291 0 0.014345170107513792 -0.004407712863162612 0.00613253675628039 -0.0035869435844138662 0.06526007431281934 0.3867198444325646 -0.1630416141166072 0.10099794307116988 -0.03818105679382322 -0.004633241807043855 0.014459649467472135 -0.05351307687811646 0.16183540394724183
215 2365 0.0008923075142782207 0 0.0143451011223721 -0.004805620004964917 0.006732008001084097 -0.00411106928340301 0.06578825433912615 0.3867366546737263 -0.16339560847823442 0.10046929946965767 -0.03735583097146744 -0.00474794795323234 0.01424780779199687 -0.05319598450062113 0.16189925493222024
216 2376 0.000814563969269391 0 0.0143451285228695 -0.004761286137703404 0.006754554340189029 -0.0041074302839825255 0.06561699865515569 0.3866739068016982 -0.163397843893255 0.10059705887075943 -0.03679858356751664 -0.005464022701861597 0.014589830421827179 -0.053428326170911866 0.16189593200362146
217 2387 0.000730346980624895 0 0.014345144771639073 -0.004181425839026528 0.006366853417483635 -0.00455227011860242 0.06579735239603908 0.3867763144675851 -0.16337042950889377 0.10099696735565036 -0.03685348103093222 -0.005331687598954911 0.014110755215529847 -0.05345420564939296 0.16191259020149973
218 2398 0.0007173482965762243 0 0.014345067474814628 -0.004797358221524388 0.006639898497618936 -0.004191636875787487 0.06597976939162721 0.38662502197854387 -0.16314828928298156 0.10070921664963736 -0.037741246335260215 -0.004734958455668402 0.014081754080170858 -0.05296373876355087 0.16145166449720197
219 2409 0.000705834217442727 0 0.014345079031945311 -0.004977880978351548 0.006895837683146014 -0.004303453733411479 0.0661256816583153 0.38643492860089657 -0.16317571171487136 0.10093596323033874 -0.038137331192734436 -0.004175024496727732 0.013715513729554136 -0.05299859320334077 0.16163843746835904
220 2420 0.0006693304567726786 0 0.014345001993683382 -0.004499504384456129 0.006771326516661296 -0.004245465176214043 0.06589207267443226 0.3863466737869299 -0.16350654409057366 0.10143837863537399 -0.03804511136595501 -0.004244727977023425 0.013247065662019681 -0.05231385400913213 0.16149183755154
221 2431 0.0005931459924688075 0 0.01434503560608646 -0.004227339272010202 0.006488466528877067 -0.004464492689066385 0.06621865561980891 0.38604198928211897 -0.16340622118801323 0.10142348551925573 -0.03762095175091096 -0.004871915706130836 0.014238396317757593 -0.053310272783155366 0.16181301533255923
222 2442 0.0005360508012082245 0 0.014345048149817213 -0.004448793275618253 0.006522754811200513 -0.003950507601361145 0.0659583394711557 0.3857104116969188 -0.16293920006651935 0.10128497397954823 -0.03778426143173563 -0.004884869556268096 0.01397961352438492 -0.05304684141560312 0.16184482067219408
223 2453 0.0004902108824250405 0 0.014345026654834425 -0.004388050186591038 0.006580010361544415 -0.0040843095887526165 0.06587666697204397 0.38577065633644914 -0.16291121542097503 0.10134211879848753 -0.0377049649834067 -0.00476618378263394 0.013943091399201359 -0.05295581560816043 0.16161290100059275
224 2464 0.0004568518031072539 0 0.014345011293893716 -0.00425596959370701 0.006652853822886867 -0.003987281191052358 0.0655945518471605 0.38611077439324015 -0.16341679806610648 0.10112557802234418 -0.03727691388667376 -0.0050201806916570215 0.014036749234718773 -0.05277299761308374 0.16170866351635663
225 2475 0.0004124023740312066 0 0.014345006621560517 -0.004244600884471861 0.006359733890472864 -0.003901580526860107 0.06573251185089468 0.38643232724611254 -0.16351995763532223 0.10111656831273456 -0.03768932115621215 -0.004763105504308103 0.014250180040237962 -0.053104879640260894 0.1616981877555251
226 2486 0.0003727612739624372 0 0.014344977590018423 -0.004338282763347575 0.006360815442001506 -0.004131117141368489 0.06591441592456314 0.38632471679269953 -0.1632231926445013 0.10080823842302819 -0.03729453873527566 -0.004891079069614401 0.014215876284041766 -0.053279973028024674 0.1617698259738558
227 2497 0.0003563784491203065 0 0.014344979871267484 -0.004212687381225807 0.006395882571656866 -0.004030774003925701 0.06559825074472965 0.3862522861586273 -0.16316818922826132 0.10102413359838261 -0.037507099465497795 -0.004602421933857708 0.01372630831801888 -0.05269408813634424 0.1615398716909534
228 2508 0.00033904327719358707 0 0.014344968001760595 -0.0043189212880169825 0.0063893160448527326 -0.004103493508366445 0.0658425680955502 0.38623505577268524 -0.1630713427097968 0.10080423083056135 -0.03741132367159494 -0.004736328300288318 0.013867844896582276 -0.052958270570463206 0.16169188036670576
229 2519 0.0003061094067863519 0 0.014344962728717943 -0.004300689253047148 0.006281780690262035 -0.0039194745736295744 0.06587820409684633 0.38622596907720874 -0.16328497404319706 0.10081513725608357 -0.03740088307684264 -0.004613631624561475 0.013874936357004777 -0.05292761900719567 0.16164220703299229
230 2530 0.0002835305473136045 0 0.014344958064880545 -0.004317820665454333 0.006528928922706135 -0.004257573545223494 0.06608541106780388 0.38606202712304194 -0.16318879024149752 0.10085994909770962 -0.037353106833345695 -0.004834929075655851 0.01379639046175742 -0.05274458453694786 0.1616804617291154
231 2541 0.0002695088351996082 0 0.014344954869796782 -0.004367164099296099 0.006472038187856907 -0.004231382396971954 0.06598366666828198 0.3861907187347047 -0.1630962165314086 0.10053764796435558 -0.03705190861138252 -0.004785141384282255 0.013859034895653643 -0.05292735455861797 0.16164677010986206
232 2552 0.0002672061638762471 0 0.014344953155008474 -0.004335374962154558 0.006532987115232591 -0.0042777536025235515 0.06595359781599992 0.3861606781758433 -0.1631159512833355 0.10070935782023485 -0.037118692362151595 -0.004858753589985434 0.013802642864762264 -0.05269163284136669 0.16152708531883653
233 2563 0.00026231720390488243 0 0.014344955561047958 -0.004456622704170568 0.006527444610435368 -0.004230801851628451 0.06604411363454861 0.3862331089246114 -0.16326482283975863 0.10102333649949176 -0.03744834096923455 -0.004664653571379291 0.013656741921926894 -0.052652244514939994 0.16148712843985688
234 2574 0.0002485024102426949 0 0.01434495726839326 -0.004488426467665362 0.0066212130753268185 -0.004269869577506903 0.06608152745914386 0.3861817939115184 -0.16326745195771536 0.10104921182008673 -0.03753942274096911 -0.004588726579597394 0.013648243559866076 -0.05259699175499266 0.16142113412554437
235 2585 0.00023521040263770515 0 0.01434495016263999 -0.004416922660693546 0.00649560788290385 -0.004231854057565054 0.06599487601481989 0.38627907151942287 -0.1632159972082341 0.10083691329104928 -0.037394883538157675 -0.004564414054003171 0.013618205486775031 -0.05260382462555668 0.16146361653707916
236 2596 0.0002181095217212866 0 0.014344954884125852 -0.004545118104235067 0.006522833504115017 -0.004067987056833905 0.06594369595961404 0.38627153590254437 -0.16321378585695281 0.10081117420828907 -0.03736809350658188 -0.004553103271873238 0.013580175922945107 -0.052695266624133374 0.16150182728048862
237 2607 0.00020816040831135986 0 0.014344950749147834 -0.00443163567866194 0.00646713096441049 -0.004074765728069906 0.06595826506846694 0.38621452466489314 -0.1632146403499418 0.10062658516545413 -0.037110791240678065 -0.004682776498378981 0.013596617832695319 -0.05269477801219047 0.16161818235843722
238 2618 0.00020690111581179896 0 0.014344950206159217 -0.0043815359508445634 0.006345958495378537 -0.004090222786133531 0.06601707667962592 0.3861888552337738 -0.16313498139701194 0.10052196152480798 -0.03704328221230346 -0.004744440270601019 0.01364227618185601 -0.05261482009723073 0.16149849400260177
239 2629 0.00019855596398657592 0 0.014344951726676606 -0.004338769014211279 0.006342153399498226 -0.004058542271916641 0.06602779430053236 0.386226625837081 -0.16334125252666004 0.1007769411508981 -0.037280236061756344 -0.004554318314692466 0.013505849649487773 -0.05253911540742262 0.16152010512600315
240 2640 0.00019111475882835992 0 0.014344947343907014 -0.004347653244539629 0.00638186944020634 -0.004111555612071793 0.06605598683416987 0.38612137254646806 -0.16318585764087282 0.10075108773098104 -0.03734076914203355 -0.004597707505756275 0.013525503139705129 -0.05242778251423985 0.16143893974551865
241 2651 0.00018932870313354455 0 0.014344952059303575 -0.004296469597709928 0.006252011401736315 -0.004076441787216417 0.06603233948954174 0.3861191416492691 -0.1630581218467329 0.10050250631723223 -0.03706421627931933 -0.004734714593717964 0.013567748020906087 -0.05243331291458686 0.16143138389303693
242 2662 0.0001809092768760038 0 0.0143449510384632 -0.004269619853212739 0.006274585426553708 -0.004079964881251006 0.06601150030885668 0.3861334809176675 -0.16319375549873702 0.10079530073045892 -0.0372938238323921 -0.004654215586090793 0.013571059112858443 -0.052527520927761806 0.16152885366850905
243 2673 0.00016828592053916565 0 0.014344947055486541 -0.004320654771386249 0.006438491583241652 -0.004224656782624182 0.0660484988573163 0.38611321167752877 -0.16317700126181994 0.10077981851702847 -0.03724231764996233 -0.004687247732857233 0.013599624274787345 -0.05257376723446905 0.1615310185816352
244 2684 0.00015923320078032027 0 0.014344948781922192 -0.0043806314674883565 0.006467016634675928 -0.004123182776061694 0.06599258863497616 0.38611407930752195 -0.16319156117823738 0.10076199117355274 -0.03732262713632517 -0.004486947024022647 0.01339402731577908 -0.052460579907650295 0.16152400656842383
245 2695 0.00014581560039858695 0 0.014344947298840144 -0.004330149991226964 0.006425023868233395 -0.00412339512241589 0.06604580057384603 0.38606829318804214 -0.16321580158884855 0.10082253504067291 -0.03737080924636116 -0.004526665765294016 0.013499334051985052 -0.05246271361952548 0.16147981411427076
246 2706 0.00013820058551901784 0 0.014344948407882864 -0.0043449078262071264 0.006491201133615689 -0.004206092418054978 0.06610006758066038 0.3860431397739288 -0.16323316352743908 0.10083734063277446 -0.03725580500569059 -0.0046537176355740985 0.013535281755135953 -0.05247094310455802 0.16146012660176542
247 2717 0.00013290176956161926 0 0.014344944923918896 -0.004362808261214718 0.006419564815196417 -0.0042005480690095395 0.06610751484568664 0.38606923923963876 -0.16311991064209 0.10070600771658711 -0.03725749753417462 -0.004639082932550056 0.013601705496904721 -0.05252581023897429 0.16145377775263647
248 2728 0.00012728689178962058 0 0.01434494495445159 -0.004415729771082822 0.006448841801538837 -0.004202613040651506 0.06609827580697328 0.38609460599922274 -0.16307035816454074 0.10065988548472841 -0.03728715145801775 -0.004639418590206567 0.013586472544343395 -0.05246952401191152 0.1614210494240972
249 2739 0.00012046476490394506 0 0.014344946549699499 -0.004372419498164963 0.00640109400480424 -0.0040882192020227255 0.06599775714178485 0.386079025267525 -0.16306217912837048 0.10062200295060554 -0.037236598483948224 -0.004668563669329856 0.01363124407087579 -0.05244845734956227 0.1614098925129926
250 2750 0.00011397434418495489 0 0.014344945719423479 -0.0044418090447557075 0.0065177187688155004 -0.0041531769652742145 0.06596275015209707 0.38614855239474855 -0.1631051145962471 0.10075109920266434 -0.03733994618502434 -0.004615321763712827 0.013561209757871506 -0.05242998485637829 0.16138679878896778
251 2761 0.0001046225633426411 0 0.014344944723523557 -0.004371569961935196 0.006435397611652193 -0.004183208037422937 0.06605816538623749 0.38609707128969584 -0.16310256534612572 0.10066225511763835 -0.037214424827312076 -0.004689136544817126 0.013614968412783398 -0.052455584447329784 0.161398752579152
252 2772 0.00010051583709066882 0 0.014344944899396393 -0.0044509604750083715 0.006496526450191539 -0.0042166599739680115 0.06608116090299035 0.38613965642796133 -0.16310826500293657 0.10068907112249179 -0.03733997491313401 -0.004523778226462809 0.013543802121299974 -0.052485500724377854 0.16139223334653854
253 2783 8.81895258039419e-05 0 0.014344944784780584 -0.004363760348817914 0.006447522291767289 -0.0041415203017023715 0.06598874338566627 0.3861030113808357 -0.16311892130614503 0.10070448490789914 -0.0372482124220892 -0.004650825041081347 0.013587861226620096 -0.052461025906123115 0.16142970101941578
254 2794 8.130596160813544e-05 0 0.01434494445929078 -0.004427311350434868 0.006469964249325168 -0.004141249919294996 0.06599570360005276 0.38614284373905816 -0.1631016033881753 0.1006456481135396 -0.03725928843679727 -0.004584943807786935 0.013541399609996667 -0.05242238784799458 0.16137823716714975
255 2805 7.716135732336903e-05 0 0.014344944140949238 -0.004401542136187978 0.006442357404030878 -0.004141722359698253 0.06600395181491346 0.38611520690357093 -0.16309432927015557 0.10065740051252182 -0.03724485388300547 -0.004613045796903908 0.013602783693160219 -0.05250110902901728 0.1614168141825927
256 2816 6.934952562359741e-05 0 0.014344944150451353 -0.004387858425333127 0.006449874590109907 -0.004147476117582975 0.06602257209553598 0.3860968892969274 -0.16312471171509865 0.10071067752734048 -0.03722707586694263 -0.004671650341204796 0.013610487282469658 -0.05251788255394141 0.1614450773844577
257 2827 6.301960770497503e-05 0 0.014344943917802135 -0.004418060356385782 0.006489288978835631 -0.0041700807157860065 0.06601729197280261 0.38613198624497036 -0.16312688601294936 0.10069823660976637 -0.03724058546801601 -0.00467196249090659 0.013613967674100053 -0.052497537757097756 0.16142089794791578
258 2838 5.536070959240011e-05 0 0.01434494399501015 -0.004409524914440595 0.0064777748712565334 -0.004166585999278626 0.06601267301400218 0.3861385314845873 -0.16313594374068907 0.10069889894650245 -0.03727113838608753 -0.00460701055214591 0.01355183110864988 -0.05244556863252958 0.16140597322427705
259 2849 5.282214871291443e-05 0 0.014344943874857408 -0.00440842846275187 0.0064823618071035115 -0.004160263073692077 0.06599759082934005 0.3861576631006698 -0.16315355952078525 0.1006846562390271 -0.03725395296117773 -0.004614338219765857 0.013574395930428241 -0.052489591795532586 0.16143935258735853
260 2860 5.078735674476967e-05 0 0.014344943657712024 -0.004413771642793932 0.006480295961686545 -0.0041706809551957475 0.06601719687550463 0.38613338290353294 -0.16313222649652712 0.10068411533940275 -0.03724045190445935 -0.004638902820247347 0.013610363115650233 -0.052524961781933666 0.1614467419176592
261 2871 5.013858524498713e-05 0 0.014344943774917237 -0.004440859918607643 0.006479487100800952 -0.004180112484184043 0.06603959036484888 0.38613697229437705 -0.16310311543690886 0.10066361865207178 -0.03725803361319091 -0.0046269118326955514 0.013642123277701227 -0.05257600983496946 0.16144842407173016
262 2882 4.8418676491501214e-05 0 0.014344943792748067 -0.004396447017970053 0.006453686181391563 -0.004178109974587704 0.06604082534846964 0.3861299185332512 -0.16311912331388737 0.10065091144522122 -0.03725035667261922 -0.004616076350453309 0.013630641510935518 -0.052547416640697175 0.16144719883159608
263 2893 4.727084988760006e-05 0 0.014344943785704344 -0.004410426346653578 0.006475404628040674 -0.004162699081410454 0.066021731265572 0.3861236785939406 -0.16311747370215163 0.1006557752962093 -0.03724020659809124 -0.004610731027978717 0.013616203853302167 -0.05257313838358213 0.16147429527714777
264 2904 4.6145895884272115e-05 0 0.014344943763259331 -0.004415352054338225 0.00647529358732179 -0.004154856793071766 0.06602483316855355 0.38612358264459257 -0.16312145083859406 0.10067102813679263 -0.037248942920975026 -0.004632579766077104 0.013605632673752968 -0.052533163567310304 0.1614528141438325
265 2915 4.488078861411921e-05 0 0.014344943882719476 -0.004427849839841997 0.006485237817389969 -0.004169849730156515 0.06602571516360611 0.38613278538397644 -0.16310818612384445 0.10067801324239911 -0.037286246531513356 -0.004611462691453523 0.013638254575421423 -0.052593288352920986 0.16147923270250458
266 2926 4.226325540645133e-05 0 0.014344943885097177 -0.004414425122105133 0.006468638410873839 -0.004162550374191914 0.06602742920371674 0.38613950067737157 -0.1631288356985011 0.10068940766583771 -0.03727650114615644 -0.004613680576408507 0.013626135831540409 -0.05256667139799509 0.16145187492082388
267 2937 3.9980570981328956e-05 0 0.014344943845190103 -0.004419794133914522 0.0064948846060471285 -0.004178674235515401 0.06601138408362811 0.38616178196996165 -0.16314536152374032 0.1006741709415366 -0.03724727565687802 -0.004602055159429541 0.013556224404869595 -0.05249942020879228 0.1614420893613303
268 2948 3.830239586641525e-05 0 0.014344943688611769 -0.004407951754597267 0.006487922229861369 -0.004184356749231018 0.06601952397756314 0.38615256861913005 -0.16314669767554918 0.10068142582901912 -0.037253757859774694 -0.0046226232745660515 0.013610686265760525 -0.052554251211987424 0.16146722046490758
269 2959 3.749549620167066e-05 0 0.014344943725175393 -0.004412788343604494 0.006460532864121361 -0.00415317373220022 0.06601674683474541 0.38614588109478554 -0.16313557596812867 0.10067155537722067 -0.037251563250006114 -0.0046264355484161674 0.013611903151489434 -0.05254072378683361 0.16145920579166403
270 2970 3.5440705833004714e-05 0 0.014344943640815443 -0.004404445176600408 0.006473235500015294 -0.004171041653729261 0.06602082843011269 0.3861250822584581 -0.1631253312008176 0.10067971771483944 -0.03724986968816113 -0.004624088215966953 0.013612176941874537 -0.05252272408588787 0.16143543013944286
271 2981 3.243174261279046e-05 0 0.01434494364840905 -0.004419261342617929 0.006494405616444578 -0.004174684078212548 0.0660085533638313 0.3861404925799419 -0.1631311415875874 0.10068964677150652 -0.03725432183950428 -0.00462511611970419 0.013591064842157628 -0.0525159146812193 0.16144622927476218
272 2992 3.185048485288796e-05 0 0.014344943646150493 -0.004421265031015879 0.006486730735822966 -0.004162096270580637 0.06601767951104835 0.3861308062797888 -0.16313203802460324 0.10069048836999477 -0.037269768635617595 -0.004614723626208753 0.013611682485044529 -0.052540709284160325 0.16145684519539433
273 3003 2.9396737424607385e-05 0 0.01434494362606783 -0.0044112552986444 0.006482410483945925 -0.004174192260850509 0.06603158769562069 0.3861294387150762 -0.16314276494325866 0.10069351158311905 -0.037251972395185184 -0.004630382498561787 0.01361798141948291 -0.05255438158311021 0.16146528783984362
274 3014 2.628952255770586e-05 0 0.014344943633752145 -0.0044163476772914306 0.006495286456884457 -0.004181422963967972 0.06602686892129117 0.3861392370143508 -0.16314736136956132 0.10070409322465335 -0.03726895339737357 -0.004627661236744001 0.013616473203681666 -0.052545605111307125 0.16145844843221085
275 3025 2.38539056260379e-05 0 0.014344943580429068 -0.004421660837629064 0.0064754182462069656 -0.004167049931978642 0.06603251288739605 0.3861306464291583 -0.16312447684310852 0.10068606643387888 -0.0372705233570243 -0.0046255211612757485 0.01361653985055926 -0.052534995257661254 0.16144886110537263
276 3036 2.4081777259452156e-05 0 0.014344943572131485 -0.004426811893336341 0.006480775071934725 -0.0041761679238912315 0.066033396005129 0.38613249033198027 -0.1631107765104643 0.10065634431379068 -0.037242678186891975 -0.004645212240361782 0.013647011181013847 -0.0525603135319459 0.16145286078200236
277 3047 2.3314577444960135e-05 0 0.014344943557200306 -0.004414051653958675 0.00647356274593434 -0.004174676412852377 0.06602916342400476 0.38613409183080316 -0.16312104651780762 0.10067529915182682 -0.03725663161145221 -0.004635953062497676 0.013636611679954495 -0.05254633107483597 0.1614424266328173
278 3058 2.1709740941789167e-05 0 0.014344943537298602 -0.004423210848181831 0.006487988509795246 -0.004182440228333647 0.06603365547675176 0.38612906806018765 -0.16312071192191457 0.10068175140978115 -0.037249258154524956 -0.004645322660829683 0.013632464631660929 -0.05255402434005774 0.1614555985863797
279 3069 1.9719670675854607e-05 0 0.014344943525847243 -0.004424080209672695 0.006484051307599637 -0.004177321408339753 0.06603398831181782 0.38613014731917206 -0.163118112225318 0.10067437365217231 -0.03726384166500463 -0.004624113939205533 0.013618425214414441 -0.05253987365443136 0.16144962758297354
280 3080 1.9011555280141412e-05 0 0.01434494353369502 -0.004415106719589223 0.006476928371187943 -0.004173698586087994 0.06602222793076863 0.386131020690863 -0.16311550153934426 0.10067444016634709 -0.03724487323558412 -0.004643172104175071 0.013623768099866238 -0.052536189355234075 0.1614428340027974
281 3091 1.715909069098539e-05 0 0.014344943523402837 -0.004420495547365264 0.0064864034147687245 -0.004177355215053047 0.06602492046993877 0.38613213546683234 -0.16312046116469345 0.10068237760706299 -0.03726257157800683 -0.0046231596889587815 0.013610267586265483 -0.05253424115436456 0.16144686402983807
282 3102 1.541829186072119e-05 0 0.014344943520791844 -0.004419555713286848 0.006484703852327514 -0.004180915041530608 0.0660283315891488 0.38613316940548703 -0.16311862089392076 0.1006794474507361 -0.037257392773490494 -0.004630824640221114 0.013616473203556393 -0.052537107409189154 0.16144552833882195
283 3113 1.490314832664561e-05 0 0.014344943528826115 -0.004420601637408388 0.006489530538653948 -0.004189112484878644 0.06603053833174816 0.38613701241647824 -0.16311754688707816 0.10066815825380104 -0.03724469538784936 -0.00464505180433565 0.013624558132480915 -0.052541219655352744 0.16145327626482534
284 3124 1.3613825360232265e-05 0 0.014344943523175814 -0.004416661438107355 0.006484083769009829 -0.004184282777429671 0.06602854856254144 0.38613533249684107 -0.1631183721824246 0.10067578350717456 -0.03725527295538278 -0.004635053575067538 0.013618253571611219 -0.052536576376136956 0.1614489409173861
285 3135 1.2318956524786708e-05 0 0.014344943516710378 -0.004428384151731199 0.006492132664504882 -0.004183944322712746 0.06603101987848978 0.38613468941623497 -0.16311593507873087 0.10067177233600796 -0.03725619071840036 -0.004633829142202639 0.013618665316396128 -0.0525398893457405 0.1614504555850797
286 3146 1.1863444510162888e-05 0 0.014344943515111761 -0.004421900105445873 0.006489540991392093 -0.004183447043216403 0.06603229977250313 0.3861299023716698 -0.16311771771248093 0.10066519007924792 -0.037238194448029116 -0.004644767252438268 0.0136283998327142 -0.05254778281425576 0.1614535220456251
287 3157 1.0426358834225876e-05 0 0.014344943510571232 -0.004422992563751724 0.006488802713799226 -0.004184797996599691 0.06602884266277793 0.386137033663875 -0.16311787575157483 0.10067150548013525 -0.03725214142206568 -0.00463540923255792 0.013618957846088646 -0.05253690008163803 0.16144791487783533
288 3168 9.819068889428516e-06 0 0.01434494351004426 -0.004423451299056982 0.0064895123077357815 -0.00418371192686707 0.06602787276262577 0.3861369191705095 -0.16311906541588794 0.10066865428441793 -0.037247973007605406 -0.004639932134142748 0.01362283547555523 -0.0525357022120958 0.16144785609479767
289 3179 9.713718410338005e-06 0 0.014344943504877392 -0.004424811829456395 0.006491715937003376 -0.0041841894310149326 0.06603160507344823 0.3861275255689516 -0.16311358134721218 0.10067092821802293 -0.03725058517451574 -0.004641224049915121 0.013628951630295663 -0.05254120925924255 0.16144825636856974
290 3190 9.179031826088492e-06 0 0.014344943501443006 -0.00442434064518205 0.006487603867107645 -0.004181921349425856 0.06603249103963875 0.38612700618233253 -0.16311144806863948 0.100668195366708 -0.03724872206840146 -0.004641617555612643 0.013626645634783014 -0.052536310927098206 0.16144374387366317
291 3201 8.55985689456977e-06 0 0.014344943502927893 -0.004421290673225324 0.006488930749919225 -0.004181143922797791 0.06603134783873874 0.38612671861135217 -0.1631181409752973 0.10067073191876014 -0.03724643259383553 -0.004638186457777448 0.01362059881874163 -0.052536277361705075 0.16144837464095974
292 3212 8.244045257796997e-06 0 0.014344943500904794 -0.004421556382389953 0.006484676036560927 -0.004179581416070582 0.06603397069012036 0.3861231878371916 -0.16311215340668628 0.10066871982811454 -0.03724894594085937 -0.004636183764196912 0.013619486810182824 -0.052535330420870885 0.16144698842626465
293 3223 7.785752890885925e-06 0 0.014344943502336798 -0.004424585192853961 0.006486580828378457 -0.004181988531384979 0.06603307274202116 0.3861293138710922 -0.16311383257122625 0.10066919782098253 -0.03725065077994083 -0.004637093554983948 0.013621131481690526 -0.05253641383307883 0.1614470902358778
294 3234 6.9055426260581256e-06 0 0.014344943502393627 -0.004422051001353441 0.006487158203122227 -0.004185309336662289 0.06603394508011932 0.38612827056295984 -0.16311383570528884 0.1006692865197592 -0.037247058972636804 -0.004640996006471117 0.013622772712311033 -0.05253738644079009 0.16144825901390858
295 3245 6.1688753491830995e-06 0 0.014344943500772006 -0.004422030623873822 0.006486659345533907 -0.00418149400956594 0.06603234478490254 0.386125381364923 -0.16311292124708784 0.10067064230655749 -0.03724722296622751 -0.0046424987549821975 0.013625824658716423 -0.05253925044315766 0.16144734850667358
296 3256 5.66108390045507e-06 0 0.014344943501516327 -0.0044222541700064 0.006486944027925131 -0.00418375953593493 0.06603490591946819 0.3861265731316563 -0.16311524034660024 0.10067097856226741 -0.03725018029457816 -0.004636318035358562 0.013622250549900536 -0.0525384097232342 0.16144729363901433
297 3267 5.288908273006077e-06 0 0.014344943499544818 -0.004424598947663984 0.0064887504084392665 -0.0041829026947137 0.06603208685755936 0.38612854391388574 -0.1631130315980129 0.10066835939259816 -0.037247427250231446 -0.004640901410126116 0.013623256011952327 -0.05253729686237829 0.16144720898678916
298 3278 5.224102357401239e-06 0 0.014344943500730066 -0.004421779549542727 0.006487204521307516 -0.004181414399238386 0.0660305817771162 0.38612992932456347 -0.16311697682944135 0.10067023253710758 -0.037249564010746194 -0.004637373276355648 0.013623425458461742 -0.05254062502540657 0.16145041812995797
299 3289 5.20710435255407e-06 0 0.014344943500936612 -0.0044221918539234665 0.00648664454001533 -0.0041809667091046755 0.06602920807217987 0.3861296338681357 -0.1631137821035697 0.10066793416728026 -0.03724532745695619 -0.004642558049569276 0.013626478532649512 -0.0525422161693645 0.16145046605054514
300 3300 4.956553308187451e-06 0 0.014344943499872509 -0.004422431937696308 0.006486489433920454 -0.004180714122516424 0.06603092740742188 0.38612778559628236 -0.16311290036796766 0.10066879293356419 -0.03724973527237019 -0.004638007022445133 0.01362361986138549 -0.05253952608336876 0.16144915637040705
301 3311 4.789548021651344e-06 0 0.014344943499822231 -0.004421638110683491 0.006487719917078976 -0.004182683235684199 0.06603037794755906 0.3861300432729431 -0.16311544742249187 0.10066901308869382 -0.03724676550811434 -0.004638810340314875 0.013622200266932075 -0.052539519239122257 0.16144931992811543
302 3322 4.503270147660616e-06 0 0.014344943499539091 -0.004422312694968686 0.006486136275560703 -0.0041822269398722415 0.06603257626719983 0.38612902360992374 -0.16311437933759243 0.1006674564367329 -0.03724588970176157 -0.004641118723516727 0.013625992682295581 -0.05254213563139487 0.16144949015155124
303 3333 4.273920551159007e-06 0 0.014344943499048054 -0.004424428759564446 0.006488122220005264 -0.0041811455457031995 0.06603088961813298 0.3861298978973595 -0.16311485843455223 0.10066872942487044 -0.03724729731866594 -0.004637813544963234 0.01362035997260879 -0.05253657846967297 0.16144689404670742
304 3344 4.062228845581066e-06 0 0.014344943498452363 -0.0044233165069592715 0.006487880709681019 -0.004182869776994241 0.06603177945589002 0.38612902969417506 -0.16311331701649562 0.10066634865089412 -0.037245620382764244 -0.004639259249397295 0.01362239105557254 -0.0525374870735682 0.1614472070982267
305 3355 3.790244273744392e-06 0 0.014344943498856769 -0.004423505088767361 0.006487487101062089 -0.004182269181072432 0.0660309245154694 0.3861306627680956 -0.16311362644510036 0.10066542695527905 -0.03724583543449489 -0.004639063755327277 0.013622396866787706 -0.05253766982619723 0.16144747722044872
306 3366 3.477042128056489e-06 0 0.014344943498810879 -0.004423687114354669 0.006488822059752619 -0.004183322786042194 0.06603196059710083 0.38612942270774653 -0.16311403719372147 0.10066565521369356 -0.037245226130465436 -0.004639409347098122 0.013622379959626042 -0.052538369402977736 0.16144846796033002
307 3377 3.343278130955669e-06 0 0.014344943498608025 -0.004424425108995099 0.006489062480936888 -0.0041827512398549625 0.0660314523256143 0.3861297769935583 -0.16311403549832643 0.10066522596882528 -0.03724418440270183 -0.004639640987586913 0.013622922207567806 -0.052538708640089915 0.16144741922784195
308 3388 3.471570689101394e-06 0 0.01434494349829009 -0.004424539865815194 0.0064886654421982045 -0.004182809806654397 0.06603213925096368 0.38612839387063236 -0.1631122950901716 0.10066428875106911 -0.03724407052361345 -0.004639211120016224 0.013621756623175952 -0.05253628296837798 0.16144582502062693
309 3399 3.365930657689829e-06 0 0.014344943498570413 -0.00442406272684587 0.006487701119362748 -0.0041807517441627955 0.06603117599799543 0.3861284153070028 -0.16311354235576098 0.10066518774275075 -0.03724316479788081 -0.004640596297752615 0.01362268235636431 -0.05253815982334942 0.16144776451492868
310 3410 3.1771585650391712e-06 0 0.014344943498307667 -0.004422830067122522 0.006486532539702785 -0.004181406250086143 0.0660319438192084 0.3861286787888836 -0.1631132890189544 0.10066592143153788 -0.0372463131675933 -0.0046385387669185575 0.013622668377388404 -0.05253905575118001 0.16144815584884922
311 3421 3.105931257776611e-06 0 0.014344943498392758 -0.004422671617802437 0.006486690636983658 -0.004181491851429922 0.06603095083832951 0.3861301394075789 -0.1631150563273709 0.10066772858500268 -0.03724708165345447 -0.00463886614118662 0.013623827262235154 -0.05253953469918127 0.16144794148657313
312 3432 3.0800416188930083e-06 0 0.01434494349854327 -0.00442205119967527 0.006486249045571806 -0.004181385350597992 0.06603107783182552 0.38612918282356734 -0.16311427934414585 0.10066846432344993 -0.037247519223367664 -0.0046391288816488895 0.013624012555076065 -0.05253997999892146 0.1614480364644424
313 3443 2.8144799233467478e-06 0 0.014344943498144304 -0.004423600427114245 0.006487724199406648 -0.004181882966803935 0.0660315521973513 0.38612916648657203 -0.16311410250889713 0.10066712525799056 -0.0372457631029266 -0.004638932730862072 0.013622951214604639 -0.05253918483885567 0.16144723790207957
314 3454 2.657175743771806e-06 0 0.014344943497845477 -0.004422074100877939 0.006486336187684289 -0.004181210539346087 0.06603113887068675 0.38612844646871824 -0.1631138697426855 0.10066723451440102 -0.037246043515124505 -0.004638995296479339 0.013622609006299864 -0.05253872869374199 0.16144809772646304
315 3465 2.6548584123821373e-06 0 0.014344943497904473 -0.004422651974570446 0.006486720197115815 -0.004181441486606963 0.06603139962587133 0.38612783481712976 -0.1631129708610691 0.10066640657177636 -0.037245455963689 -0.0046399881437343676 0.013622936303679759 -0.05253750382899813 0.16144737097953854
316 3476 2.3747254307776318e-06 0 0.014344943498023944 -0.004423190627833721 0.006486115406313449 -0.004181083724746143 0.06603110722434169 0.38612907636642646 -0.163112606052758 0.10066604119872119 -0.037245628213528725 -0.004639371443982882 0.013623063003958482 -0.052538576570964945 0.16144684251496333
317 3487 2.301365810996825e-06 0 0.014344943497903577 -0.004422718820503765 0.0064867673276516455 -0.004180563046990827 0.0660305202494969 0.38612822510630096 -0.16311336578677385 0.10066664046198165 -0.03724566553158093 -0.004638557202377451 0.013622327729604316 -0.05253888481277169 0.16144789290862255
318 3498 2.1856562064436744e-06 0 0.014344943497797214 -0.004422670356366572 0.006486515061228206 -0.004181232564484329 0.06603124584633503 0.3861288808154866 -0.1631136754817994 0.10066725345821509 -0.037246571387254956 -0.004638592892643501 0.013621596007183752 -0.05253734258550846 0.16144686822769325
319 3509 2.0936180121747178e-06 0 0.01434494349785897 -0.00442249209822823 0.006486358881896173 -0.004181065556217232 0.06603062359849017 0.3861288662377165 -0.16311330725073725 0.10066750705756874 -0.037247150871876133 -0.004637946057450815 0.013621181539403424 -0.05253669812394479 0.1614463938906042
320 3520 1.947122724002558e-06 0 0.014344943497799483 -0.004423093994136191 0.006486903515785099 -0.004181022463832188 0.06603058939789208 0.38612918922392003 -0.16311324810699607 0.10066675553175722 -0.03724719114324415 -0.004638115546714075 0.013621585340044942 -0.05253696595785362 0.16144696347043486
321 3531 1.828143401835678e-06 0 0.01434494349771279 -0.004422711395847899 0.006486880290430256 -0.004181945420207682 0.06603237160994081 0.38612754773110414 -0.1631132289658931 0.10066747964970464 -0.037246637024860085 -0.004638423460337822 0.013620903302966515 -0.052536459263463176 0.16144669912765683
322 3542 1.8770536173057429e-06 0 0.014344943497708288 -0.004423428193656928 0.0064876344788112284 -0.004181772433109667 0.0660318505640218 0.3861274496460614 -0.1631123927079006 0.10066645170179055 -0.03724605689682958 -0.004638393523504717 0.013620802958056292 -0.052536692764467485 0.16144689948762497
323 3553 1.8751477057559617e-06 0 0.014344943497724834 -0.004423325021986373 0.006487358997700113 -0.0041813136230215014 0.06603105429355469 0.38612811762153676 -0.1631125308443453 0.10066651408691674 -0.03724699196716452 -0.00463806037043941 0.013621795603442531 -0.05253771856496359 0.1614475149897242
324 3564 1.790688783682476e-06 0 0.014344943497768166 -0.004422962316405631 0.006487133873753066 -0.004181619212472265 0.06603209325078922 0.38612753616398754 -0.1631132522477035 0.1006672831841134 -0.03724721212753179 -0.004637522327575523 0.013621109808664012 -0.05253781150537229 0.16144778950404973
325 3575 1.766973614932694e-06 0 0.01434494349773126 -0.004423198976900831 0.006487420695640645 -0.004182145364638013 0.06603233123956599 0.3861274618535129 -0.16311290185608676 0.10066703782281855 -0.03724671527945311 -0.004637614280834146 0.013620829684973862 -0.052537035108791486 0.16144678467698015
326 3586 1.6379597855232808e-06 0 0.014344943497805298 -0.004422550444509897 0.006486683196144346 -0.00418132067348069 0.0660321167845758 0.38612699724042 -0.16311297343982442 0.1006676203885671 -0.037247256405878115 -0.004637728319600749 0.013620786261195715 -0.05253722218944645 0.16144759234448017
327 3597 1.5016630953080058e-06 0 0.014344943497670605 -0.004423136084812828 0.006486888780777566 -0.0041814389347954155 0.06603152960410279 0.3861276226277086 -0.16311216214138688 0.10066650826940844 -0.03724668140117249 -0.004637562456510471 0.01362058545414241 -0.05253687728018264 0.16144690067070286
328 3608 1.4059232422749956e-06 0 0.01434494349767185 -0.004423102025928373 0.006487066478371519 -0.004181792044461294 0.06603167694634339 0.38612809196365516 -0.16311299273283358 0.10066710576979851 -0.03724706988459481 -0.004637301377069439 0.013620371087254415 -0.05253631738977438 0.16144657232691895
329 3619 1.3900630613938227e-06 0 0.014344943497649464 -0.004422927668083986 0.006486382656558106 -0.004181004602610188 0.06603138814123631 0.3861283429805673 -0.16311310647082852 0.10066666459075775 -0.03724636573622231 -0.004637941104622507 0.013620529214084388 -0.052536633483804884 0.16144695211613133
330 3630 1.3390954376665896e-06 0 0.014344943497669953 -0.004423065154613379 0.006486664418429205 -0.004181585399339681 0.06603193373271465 0.38612797318890246 -0.16311264243054438 0.10066607248725566 -0.0372459246201613 -0.004637713053759209 0.013620128391552223 -0.05253604388378719 0.1614464189422411
